0.008065930279803329
0.0065057940089276855
0.005517198935018054
0.0052649110760207155
0.00519827173590394
0.005245710885917236
0.0055320645018114845
0.005347110464235812
0.005299731400362881
0.005846809544517393
0.005452138107170218
0.005262759246397764
0.005306871760071122
0.004933005472412333
0.0049528060426070756
0.005543769041209349
0.005596612642984837
0.005143125038410622
0.0052193777398705215
0.005071979882663332
0.0046022394456356
0.0048273973468790895
0.004723441702746121
0.004307874244072341
0.003919968963434387
0.003927545137453957
0.003637109843714695
0.003444636327580416
0.003481440899527765
0.0035030280792021327
0.0034142161506627287
0.0034872854510987444
0.0035465176235551813
0.003546799104328134
0.003373885751508559
0.003492224734384633
0.003302112544604045
0.0033694734006920564
0.0036101849455319876
0.003324622816372929
0.0033657283161301166
0.0034483946455709106
0.0033193673397181557
0.003413493386552935
0.003364831479126938
0.003401687136585159
0.00341738820059358
0.003347100843342819
0.0033922556277216896
0.00331068789436748
0.003593506273526665
0.0033959621548586127
0.003377421804138326
0.0033364381844044797
0.0035615056102895845
0.003355378509066733
0.0034450435211017196
0.0037151785120866925
0.0034784668010459947
0.0034364057114570253
0.003487695645723891
0.003470806454175285
0.003652731839434377
0.003629378668899465
0.0035016240196169487
0.003674821922322735
0.0036569986910659023
0.003732407993291937
0.0035010311157176537
0.003667919467968334
0.0035150026628148873
0.003560501789121986
0.0038540312592522242
0.003471566792951697
0.003574725681849356
0.0036517250880465976
0.0036400692241399415
0.003562222853153279
0.003680271622392216
0.0037022445902195095
0.0036776822713103945
0.0037066009242386956
0.003772234255780599
0.0037736604709763403
0.003637464417510533
0.0036838122754748576
0.003732425372581929
0.0038186090206727384
0.003741234326402524
0.004043222183910465
0.0038939831176373575
0.0037942302404969396
0.0038627174517439147
0.003642464291437396
0.0037628968540645603
0.0039056063579794554
0.003818735560635105
0.003828375896472218
0.0038635866229222823
0.0038786339375448215
0.0038668721351340146
0.0037891435876164386
0.003907247030043176
0.0038058504972806467
0.003738546567287163
0.003844558814224521
0.0037634687475864275
0.0039236374054702795
0.003791349447565153
0.0038568312132598033
0.003870230271796962
0.0036579188395158523
0.0036974326467939787
0.0037889913084550894
0.0037736747253438807
0.0037034541230449186
0.0038217329115390643
0.0037779877861326633
0.0036946901506079094
0.003823607165499457
0.0036860717242987967
0.0037048945938503103
0.0037475384331524505
0.003749986080635738
0.003641119137610076
0.004112592471314461
0.003949867575845149
0.0036944442445279234
0.00391202309252029
0.003785568405208843
0.0036839591898024083
0.0036570229860288755
0.0037491061403748713
0.003713882698502857
0.0037447105920000467
0.003651712589863954
0.003668231507098036
0.003759061662546758
0.003836743620423866
0.00413881700951606
0.003751007977095599
0.0036749187758583243
0.003730918662539417
0.0035773987692248608
0.0037743386090733112
0.003711352008727512
0.0036313222594825285
0.0036934106638156143
0.004056481074429549
0.003648265354900754
0.0037000408677184686
0.003630805012570428
0.0037590595800429585
0.003829841798869893
0.003857089310601753
0.003923080253381548
0.003682189850036853
0.0036338326637633143
0.003743241935901876
0.003670861049488719
0.003574188931046852
0.0036723956044131356
0.003785111810014184
0.0038453395048106487
0.003803079700696149
0.0036414756188501737
0.0037973140702316803
0.0036767235162135747
0.0038493330470685447
0.003853093038778752
0.0037245341093512254
0.003728943508051868
0.0038081321782166403
0.0037011308891565673
0.003691268973218809
0.003731852573109791
0.003809579525508785
0.003723736891988665
0.00371919724691127
0.0036749731290287206
0.0037041191968767507
0.003683058895070904
0.0038973965741960067
0.003801018199727488
0.00374600358704421
0.0035416213035516972
0.00365796048435316
0.0037424760246982
0.0037392919041615512
0.003858542997456555
0.003636267448018771
0.0036278834333643315
0.0036772320873231885
0.0038680135343955565
0.003710668853849971
0.003701963320906673
0.0036831145154844437
0.0037489709773633095
0.0036349758279642886
0.0036922047227354988
0.0036063121521978506
0.0036554566885544254
0.003615168595819601
0.003697248706926725
0.003579445741571752
0.0038961739433995848
0.0036915472051727454
0.0039003489966437754
0.003909332279248961
0.003697721702597586
0.0037102365653429712
0.003664916157389858
0.003727597303222865
0.003701111279161913
0.003663613231453512
0.003899412437702787
0.0037000711115875414
0.003805617597536184
0.003676868988633422
0.00364807968493551
0.0038303163715837788
0.003663891764756824
0.0038834235364005767
0.0037754050527707608
0.0036784458827709646
0.0037846768668636545
0.003731300077218163
0.003762297776494441
0.0036328583225258624
0.0036840595090429167
0.003723320887490575
0.0036650452386986997
0.0037031384898416164
0.00371810811596723
0.003862140980116757
0.003808682927961594
0.004009401219331526
0.003782521282721843
0.003920748713426292
0.003735305646800303
0.00376955312244328
0.003681618474656716
0.003804976077268033
0.0037131232582032683
0.0037492643138726375
0.003722814672759601
0.0038103208680903273
0.0036714150899622056
0.0037574747377740487
0.0037669518585815758
0.003884741162182763
0.0039418350037054295
0.0037685159430839122
0.0041221175893276394
0.0037984511401737107
0.0037932748306775464
0.0037169464612712287
0.003758728193767768
0.0038781375273330403
0.0038712937518721444
0.003874485218007716
0.0039116812287829815
0.0037347318039974197
0.003698916426458579
0.003991236754227429
0.0037622220293685262
0.003961039687606639
0.0037072967112596546
0.003693781478962462
0.003938923120315719
0.00413246541333917
0.003861813996585884
0.0036744076664035675
0.0040663143333845905
0.003878017957488607
0.004191183379984328
0.0037041298346593976
0.0036949927215131797
0.004286274322242077
0.003973072956307858
0.003706881846633873
0.0037159144103394025
0.003933302531284945
0.0040871846652589736
0.0037942960347780693
0.003799022569520665
0.003981631805654615
0.004221064429231254
0.0038274585218310416
0.0037788625537151736
0.003936110077525622
0.003987375821785203
0.004012833766838802
0.0037393205233716537
0.0038332274073867925
0.004113739783476506
0.003971141129066901
0.003937192455909358
0.0037936746665010496
0.003839960658307453
0.0038833491350487746
0.0038392283584523412
0.0037875360408049477
0.0039754583297430405
0.003980475622811354
0.0038189456968601527
0.0037555438479674715
0.0038701344682236334
0.0038129579220964973
0.0038955782264071914
0.003855872295264687
0.004111832358799542
0.0037300700072020326
0.0038012875249114585
0.00373558338199343
0.0038100874852014907
0.0037629374088386873
0.003889391569453957
0.00420211925636977
0.0037811370858357157
0.0038110456026957504
0.0037901863928494098
0.0038087953770134064
0.003781964134707648
0.0037784565805590578
0.003836614189037521
0.0038949927324678614
0.003838725981269298
0.003915731102294688
0.003939678099039676
0.004006681739618736
0.0037711937935091555
0.0038097180916728188
0.0037964626578780424
0.0037683883968773965
0.004048315857237737
0.0037594266997725105
0.0037995250371750445
0.0038648070893915636
0.003953983726262647
0.003985711304121651
0.004053678693183299
0.004034158005467491
0.00382825585315004
0.0037554547543134373
0.0037529677044533727
0.004256510925728695
0.0037652278997536218
0.003915564841757129
0.003763484674605674
0.0038444488184593084
0.003763318443670869
0.003995222046838275
0.0038815336415011967
0.004010217237851716
0.0038663099403493106
0.004068055896620665
0.003893625631213321
0.004036765471433422
0.00379035157267156
0.003894764971116404
0.00395076534153694
0.0038304280611087703
0.003980823948430563
0.003815264830565346
0.003882836952938565
0.003877947040517548
0.004173293657866972
0.004012073467019945
0.003992245292725524
0.003990017511615796
0.003948829035923284
0.003895725727779791
0.0038332329924118573
0.003860995498169879
0.0038709635641758465
0.0038546283993803497
0.0038769344921144823
0.00384347403596621
0.0038260638652302856
0.0037426108218330356
0.0038634658657818884
0.0040246826570000845
0.0039173701116149975
0.0038381999606333143
0.003918728252839563
0.0038943659179078946
0.0037855997560213186
0.003787099843944556
0.0038106255730131775
0.0039683480549138036
0.003926026227917256
0.004033118871406519
0.003833560548789267
0.0037745851030506726
0.0039478027685046465
0.0038650348859040865
0.003960211257716375
0.0038802607521316594
0.00389539396589888
0.0038046502832334485
0.0038182540276154343
0.003790295772237836
0.003847377115910474
0.0038398826594597526
0.0037605017685564237
0.0038169462232118738
0.0038255654117425107
0.00402351767190599
0.0038233851879236423
0.003963635382907731
0.003863330741545984
0.003867783078416583
0.0037550627951610034
0.0038968141564276137
0.0038178909643154057
0.003875018774165905
0.003982124279053615
0.0039751664350374735
0.0039487584277854435
0.003886851139582827
0.00396297985055883
0.003906530312960967
0.00415378572993047
0.003878627515098612
0.003959003972288753
0.003921710382827378
0.0038609434971918484
0.003832474988386301
0.003903953190768204
0.003961065755658117
0.0038009288451368254
0.0038469336671654933
0.0038336885806139823
0.003961046791020116
0.0038258950669634423
0.003969963430925937
0.0037274093829702385
0.0037516364995307024
0.004033839073797156
0.004003344333198454
0.004177613857235494
0.003997256159117179
0.0039678182782206155
0.00416079270528696
0.0038962595650394046
0.003996939117621098
0.003977701590130372
0.003855564135426123
0.003862918260108147
0.0038754032006753343
0.003943747858450349
0.004467791129801688
0.003850159719794257
0.003807281462733434
0.004089320038079417
0.003784887588814984
0.0038521934062841216
0.003860441236424127
0.003990670374228752
0.0039258320551432135
0.0040327533156544505
0.003877053468604572
0.003853647011315583
0.003904179880212593
0.0044839683787098955
0.0038439908409574337
0.0038495153135487013
0.003947945122407483
0.00383539134869352
0.0038181104870246988
0.003889823351221691
0.0038817003099081504
0.004137550495465153
0.003897528453962877
0.003951650362661374
0.0038384548034186344
0.003820926795597188
0.003770402677556766
0.003818220613757148
0.0038286805695679506
0.003844411071705898
0.004046486570233745
0.003906937905953133
0.003894598620577848
0.003876488795503974
0.0037750698872176663
0.003933053506105872
0.0038308309091787253
0.0038430130371956955
0.003844994931714609
0.0038334128371622814
0.003823293797322549
0.0038949822729253875
0.0038332683253767233
0.004191487332406853
0.0038140150335051917
0.0037302673647978475
0.003718887776651952
0.00374510122679307
0.0038574601934357943
0.0038059809110460004
0.0038219246888599756
0.0038188659146960293
0.003779194120350959
0.003729093797072502
0.003799490344993371
0.0038526004398175117
0.0037761646311264487
0.0038674086426207007
0.0037842650227581285
0.0037563808397057335
0.003826865867678342
0.0038426767776919796
0.003767933866682662
0.003789440518095424
0.0037917789519165777
0.0038497827493119987
0.003828883089923433
0.003862585096919377
0.0037463951084230626
0.0038137888939984675
0.0037573772697110795
0.003884056963974477
0.003786799716929506
0.0038380728089915856
0.0039094497450527605
0.003785625616042775
0.0038899917022458146
0.0040113246776828804
0.0038689681787842088
0.00381129365173235
0.003835242510041488
0.003836964749456716
0.003775243146976988
0.003974146570877305
0.0038516943831512305
0.0038828396802169404
0.0037803184483865544
0.0037769286556779695
0.0038883952630983133
0.0038325416505436546
0.003971930686384439
0.0038744257500262134
0.0038080703990999607
0.0037982494127105125
0.0038633964101258502
0.0038249696323016127
0.003868086169407304
0.003868991934827396
0.0037431021489568853
0.003888298569391801
0.0038557103328223873
0.0039030227356956207
0.0036967498965428344
0.003822769392448078
0.0037897368385373348
0.0040390029050675885
0.0038288899975097075
0.003861145565419325
0.0037859399681994025
0.00382446906688155
0.003933756696392915
0.0038197802571396876
0.0037416095439610736
0.0037828867732813314
0.0038630232810308892
0.003815942309114949
0.003860403729569433
0.003852810672667277
0.0038870582347070534
0.003911406972329132
0.0038531646546575106
0.003826106752967462
0.0038568451031044657
0.003788797339906783
0.003827184093617169
0.0037759241495846905
0.0038534497326639084
0.003977745043978628
0.0038431307157900715
0.0038218507372896836
0.0037984895493303025
0.0038744800309151676
0.003793323081086523
0.004068046405279477
0.0038244857820349614
0.003867833883019297
0.0038426780319007646
0.0038513008165838463
0.0037807385653390417
0.003820576349639201
0.0037985268005702112
0.0038347842191745127
0.004280573204076583
0.003819933828864513
0.0038120458667357787
0.003896752295882574
0.0038522581415184375
0.0038960936698796494
0.0038300050048357143
0.003823138799717916
0.0038273657845067127
0.003807720840143572
0.0038915323163382707
0.0038573164291613336
0.003826693397880133
0.003815771143251498
0.004512879324777584
0.00385398154862092
0.003919172045342358
0.003929278328682163
0.003812482183898932
0.0037700776746662865
0.0038186966268611805
0.003906074254773557
0.003923189839447981
0.0037948136317884616
0.003972703530203684
0.003862832454365811
0.004146626710093447
0.0038725106165345227
0.0037988068169215695
0.004067964542690398
0.003786735848490415
0.0038464443967677654
0.0038879771684173646
0.003913221605887104
0.0038647760777036767
0.003917523408308626
0.003989653950224497
0.003956278459102448
0.003836540195271872
0.003967950975056738
0.003924571767981564
0.0038520465498030326
0.0038458614362337227
0.0038743466885560857
0.003964633913461252
0.003839314925800344
0.0038605031911616346
0.0038989933326541047
0.00387317843396886
0.0039363574081990906
0.003983908163416865
0.003954378503840417
0.003942497763450125
0.0038155975971104843
0.0039939920253319935
0.0039463014548943775
0.003867670666160328
0.003919339103158563
0.0039007798439290907
0.003861731720223491
0.003968685810520713
0.003852021708984726
0.004077809321793861
0.003912996981026871
0.003957480988631557
0.0039061003610757843
0.003860901884701369
0.003948541353706137
0.0038418585370527582
0.004146233075963599
0.003953238410010402
0.003914634849809642
0.0044103613507468255
0.0038221856636560655
0.004089357801162156
0.0038368774265316982
0.003931823071325198
0.003843388144492305
0.003897150326353897
0.004008408946101554
0.003950138786208949
0.003975253865521933
0.0037748090104313243
0.003969998908328957
0.004269541351828333
0.003878160144002842
0.003978024207130407
0.004038097519494061
0.003953170219569334
0.003990410499141684
0.003919039635054235
0.004124501876399986
0.0037995193423038085
0.003963691252283752
0.003993319647353408
0.00409915402381947
0.004086050368371486
0.003916545312801775
0.003936179097342704
0.004005006778253509
0.004057853617871712
0.004174590050908072
0.004051735449715385
0.003972407844848931
0.003987956620154104
0.003927515199674028
0.003841521261492744
0.004447675391316547
0.0040905057770266595
0.004062534685861985
0.0040059709472448695
0.003953156461107677
0.004115586647863633
0.0037815729377325626
0.0045599060293586395
0.00405182218228999
0.003945005668792873
0.004002275949210993
0.003912476616096683
0.003958775692652645
0.0039034428964701616
0.003999638697465084
0.0038754766153267285
0.004254998632407348
0.004106902864628605
0.003853481947943302
0.004513851493330939
0.003997893682681024
0.003884507171210966
0.0042777499333689255
0.0048341681078974425
0.0042774648500406845
0.004324818709033674
0.004026414224541181
0.004032537910887706
0.003879192768862205
0.0039747570533238885
0.004161202042887453
0.003992031796203394
0.0039828513877000656
0.003993589976370069
0.0039664515791394345
0.003918116072059742
0.004056615212133952
0.0039044450399316182
0.0039398805547638666
0.004379670875163616
0.004075765948177182
0.00404105521526487
0.004031864988667491
0.004022204544827608
0.004016337243537963
0.003985021733346262
0.0038343464401883205
0.0037917640382823135
0.004154928278211238
0.004183978207420296
0.004454437621420116
0.004158898031445071
0.004103205314937181
0.003962596190062218
0.003998226052083607
0.003989853944513015
0.0039379735357527226
0.004049851993165378
0.004063037943394322
0.004019477711491553
0.0038340204801144344
0.004295587387787236
0.004560389415627079
0.0038809563956517324
0.00400772392566848
0.003932711277489683
0.004056541026470118
0.003906944668851792
0.003931847307581587
0.003951398082509903
0.003830869685791965
0.003957971044084323
0.003909915333247876
0.0037902815407142043
0.0038832180238594968
0.00394760048416044
0.003938901932145069
0.003932026884306521
0.003914450216070691
0.0038739462300769185
0.003962172727333382
0.004011150985357485
0.0038351199718973865
0.003955235659211341
0.004199026122389893
0.0038755458006302693
0.004537683123822457
0.0038395263005181085
0.003947743074386381
0.0039679148916288145
0.003971361943819959
0.003914304863761312
0.00397984642764121
0.0037677809499603297
0.0038495274696366062
0.003963413311867043
0.003941095644674663
0.004072303865936452
0.003935577861432518
0.003977140710256728
0.003939682061817231
0.004675658870089267
0.004208617131225765
0.004007527490279504
0.003964347925918576
0.0038537770168789263
0.0037558826744290333
0.003911173642014287
0.003922230401741607
0.003927965789085387
0.003998617926429558
0.0039414162486458995
0.003870009642643189
0.0038710317568496425
0.003868294920705791
0.004020214490758787
0.003859142086668206
0.0038359378038772514
0.003863323114679328
0.004367686986474187
0.003912992792582892
0.0037914868351072075
0.0038361233834127363
0.0038499469035637697
0.003883058748573863
0.003929816719693398
0.003850616106480759
0.0039181855931279385
0.0038876452855350053
0.003876223685885114
0.0038556581199268945
0.004000593240905021
0.004011300367336454
0.0040716416781236015
0.003994519108839865
0.004053021901386923
0.003969677508991611
0.003944984969317115
0.0038430347538919054
0.003781243435909606
0.004449595552370218
0.0037903718981293164
0.003800394158544285
0.003820905789200749
0.003866968686260017
0.0038627114965597035
0.003935945367307536
0.003912249223212712
0.003820375126503807
0.003907915590430743
0.0038390268628635178
0.0038888594606292567
0.003959760380000392
0.003927416069278219
0.003853873080266307
0.003940928558108031
0.003791864398517646
0.003766772392471986
0.0038694058506683047
0.003831505912489125
0.003838462541046153
0.003852580834645778
0.003937188505660743
0.003912842559927542
0.0038721155074225473
0.003882352832671521
0.003893248879363195
0.003914643811627424
0.003918899292891313
0.004058793729969434
0.003965724811756185
0.003981091606297663
0.0038851991455469814
0.004072441261793886
0.0039031343383248897
0.00409141866756337
0.0039022566028870643
0.003787282135786622
0.005701273683724659
0.003869730954424345
0.0038232618773223035
0.003909434595469585
0.003806507137321335
0.003783228240707623
0.0038186536880675703
0.0038276246471130953
0.003902833419851959
0.0038439366846744504
0.003942499479578276
0.0038849663312014726
0.003866854477341154
0.0038608465516673665
0.003919303252062361
0.003858478709776786
0.0039029078890702555
0.0038652383151929824
0.003825814701392249
0.00428183534332285
0.003945308911913473
0.004365132964947926
0.003955318673147953
0.0039034028008297487
0.0039006137854552697
0.003962382104696839
0.003853420444065705
0.0039125009528028646
0.003918025376707581
0.003813300495884115
0.0038533020262340348
0.003858316691559074
0.003884532966684284
0.004038764672254079
0.003962535688187927
0.0038000540838194347
0.003939437038165384
0.0037457245757936365
0.0046333114426982186
0.0038684355025179686
0.0038716302479484253
0.003834640846055533
0.003843545473480065
0.003883100583084992
0.0038614870701816732
0.003914489442582375
0.0038447816051276665
0.0038843438187281466
0.003873026090690733
0.00385792813646341
0.003936523067199492
0.0038509787568805874
0.0038213030677122463
0.003844390490890614
0.003886726270762405
0.0038924293215053954
0.0036718297917728445
0.0045382033364980345
0.004573146094938108
0.003889466832791056
0.003850916687598718
0.0038460301318471984
0.0038592670548574202
0.0039318606566770805
0.003849652113692303
0.003905131778613265
0.003866873930840354
0.003963397650596952
0.003897100802444454
0.003931136124800625
0.0038109331597973193
0.0038235148771699253
0.0038749304651615342
0.003878529893034803
0.0038392507047891353
0.003913248166666433
0.003983402620901221
0.0037930317417651945
0.004148917327568467
0.0037834989509929885
0.003784376026596874
0.0038910834016444695
0.003815977460139298
0.003814840854611248
0.00382906603061461
0.0037540770125841457
0.0038331295899115504
0.0038788871869577892
0.0038473554097747963
0.003876228587469086
0.0038694088561792993
0.003923180163671661
0.0038970665836157944
0.003844387507747992
0.0038673764736657694
0.003893215418294338
0.0038557505144854076
0.003894470492045262
0.003945069397200963
0.003942358963790217
0.0038377277319445314
0.003921929944772274
0.0038582010545152507
0.0038310001743957402
0.003755550099741803
0.0037988302193116396
0.0037633696920238435
0.004228985131339869
0.0037607704410662075
0.0038199097430333495
0.0038448918850294183
0.004017383722322328
0.003817984754236282
0.0038528803549706934
0.003839849874410512
0.003847809042033207
0.0038026692316634582
0.003811149481369804
0.0038409376305727555
0.003862643842585385
0.0043345266117830765
0.003785799404140562
0.003926940900273621
0.0038277424225816505
0.0038861620046996646
0.0038172656156322256
0.00390990995993239
0.003899408951568018
0.0038825248294077548
0.0038603063093198995
0.003969049642161865
0.0038683826949064888
0.0038541397721772747
0.003865305738623387
0.003804094556419711
0.003956983001802915
0.004076814791437106
0.003992244280608637
0.003710537907235058
0.003993951008435813
0.003950792747449928
0.0039044058447637196
0.0038946217582893693
0.003859503204002976
0.0037999330261456114
0.003848960694366334
0.003968090880994818
0.003833706691927676
0.003802310577593744
0.0038981520128436387
0.0038305418737166162
0.00394816433719825
0.003829473612131551
0.003774677023923557
0.003988676080812833
0.0037512786525933602
0.003872738418701504
0.003938152658104497
0.0039011014279510293
0.0038559662593927765
0.003966193575594973
0.0038361562342782104
0.0038366771298595785
0.003947136591720794
0.003874658952367359
0.00385330210356707
0.003949340779134738
0.00384627567163469
0.003810959542253321
0.0038382657282220733
0.0038690712657158395
0.003891047003915966
0.0038022554798434224
0.0038600757961726882
0.003824708804355136
0.0037450139091483184
0.0038799150027002075
0.0038994116364379546
0.003923623587803117
0.004062192540482751
0.003761093586217612
0.003792357752931171
0.0038952960970345886
0.003882963570899197
0.0038645117823034526
0.00394981083959075
0.0038611970727132367
0.0038649562009543713
0.0038745622315244483
0.004039170589863456
0.0038297874695022724
0.00388837371520432
0.003934311021335556
0.004012069516382845
0.003764871872429337
0.004530785595000322
0.0038776908358392707
0.003791823893469492
0.0038867058699751005
0.0038176976826382867
0.003809690118536569
0.003896971032622137
0.003848323749012447
0.0038702896713013095
0.003891198587869959
0.004016511855879799
0.0038908738952263123
0.0039134864848373195
0.0038483313228269774
0.003845884346103828
0.003814378209146006
0.003862289561254459
0.0039002945590099055
0.003892981828622786
0.0038125497945916973
0.004063368956392099
0.003913305655171695
0.0038641861382140113
0.0038589251358228335
0.003929802219499834
0.0038995113524807885
0.004069107178698427
0.003822801394022203
0.004027215840386426
0.004291545702872099
0.003750288842399771
0.0038214243622496724
0.0038254285984606084
0.003833841657864728
0.0038590913874629353
0.003910560406885841
0.003893632539963749
0.0038774249898935005
0.0038583896661709464
0.003958987255048539
0.003917526970451166
0.00392421073371744
0.0038377122789721137
0.0038573730643838644
0.0038945681901116458
0.003933731980754861
0.003899103821521359
0.003797979773454634
0.0038855086305660995
0.003857680470599527
0.003969330473129438
0.004003092870781464
0.0040830653826040885
0.0038744900206802413
0.003928171172904383
0.003939055330120027
0.003842351425483506
0.0038833582904356134
0.003928381653219861
0.0038431818633606393
0.0039323788919968395
0.003956252933546368
0.003910432221517632
0.003913130569271743
0.0038878059936853656
0.003867515033135922
0.003882896112876811
0.0038850767892186664
0.004030654927316521
0.004056663501209447
0.0037798827504073934
0.003894070685491897
0.0038547697902479023
0.0039032550513677833
0.0038423241169324943
0.003867024602035859
0.003918020772481603
0.0038207448027696954
0.003917696588073991
0.003865860428569639
0.0038811514050965863
0.00386884747788177
0.00400733587411066
0.003980155392865917
0.003944514058114561
0.00378749867485437
0.003925781294071515
0.0038939629147561002
0.0038832158984483355
0.003779534656454676
0.0037919882683282984
0.003789193599867368
0.00395938813952463
0.0038957639816466585
0.003918477847640003
0.003918897111891835
0.003958372189164428
0.003966058730314087
0.003897310932266659
0.003964309947311579
0.00391145032996844
0.003946634500171058
0.003952831759150805
0.0038758151570800693
0.0038797937547289103
0.004123276230613036
0.004014406105270609
0.003862234415753067
0.0038584707872360013
0.0038767598592676224
0.0039059583589966806
0.003863928175913835
0.0039000373575254345
0.00382746726654919
0.003834829453511962
0.0038848283853647964
0.0038871856732293963
0.003907025616416442
0.003972012426321661
0.003857245521836116
0.0038156693446217103
0.00391878977966761
0.003988816007373056
0.0038373129621946385
0.0038629809416930324
0.0038954885914323054
0.0038770280367316444
0.003948511575082583
0.003954421482215236
0.0038299436986147027
0.003912539595133109
0.004000288102875596
0.003879721356954958
0.004011168283011232
0.003886000246940447
0.0038908404034529148
0.003820409099904022
0.003928410753474704
0.003860742682092158
0.003943823010797912
0.00394485432804296
0.0039099217015401725
0.004049653493355955
0.0038392299127631953
0.003863241450328912
0.003843982947395749
0.003911912458383345
0.004007586591719051
0.0038209038402419538
0.0038087384712084064
0.003932774611000371
0.0038950608521034673
0.003928252005883094
0.004047978846356273
0.003905884890118614
0.003870524348915621
0.003952153150125273
0.004028032245613368
0.003953352808935701
0.003856532173647013
0.0037525892881759707
0.0038215691444929687
0.0038488990660490736
0.003906981615083558
0.0038981504607779375
0.003932438059211043
0.0038766019301588782
0.003900994726656271
0.003938305373094408
0.003946023833455651
0.003884595857650441
0.0038786681969733244
0.0038854241530810085
0.00388637579674001
0.003852844165105905
0.003926656887467419
0.003909429751469621
0.003924027184090976
0.0038929862878285346
0.0039165854225367575
0.003992900173845035
0.003920902952210911
0.003936414335870982
0.0038733683331936067
0.004039354771126194
0.0037992233812942037
0.004067669031875474
0.003878469245350321
0.0040779210045833935
0.003910130027548543
0.0038910297473609846
0.0038768682881033913
0.003938879567264978
0.0040037444249277805
0.003942571511309194
0.003990510807655352
0.0038293342989137663
0.0038916732737977458
0.003993785037060401
0.003985362003856738
0.003916216242276798
0.0039047354993194208
0.0038636739382387274
0.003847143804721002
0.003955991332216594
0.0039172847166524406
0.0038690205982753207
0.003968260705337992
0.003927244606727202
0.003858567095095558
0.003904213650883841
0.0038600322039565073
0.0038117714028339834
0.003845807324978523
0.003931492251576856
0.003934650884018213
0.0039349353806548085
0.003919958239753864
0.0039228528686466495
0.00405916134061824
0.003911348702302868
0.003949075589355614
0.003901371510707707
0.003872006695850619
0.003958664859112884
0.003922807275251086
0.003991449271228963
0.0038613548417509133
0.0038372955879978172
0.00391411945938931
0.004079471088729665
0.004022637330095417
0.003907572209877149
0.0038902197877177967
0.003978942663213404
0.0038802718314608292
0.003803650439949706
0.004053941626999793
0.003875877494325063
0.004021413390042393
0.0039029677855848734
0.003884364292025566
0.003963692507407229
0.003956385654996016
0.003983901335990855
0.003885876069543883
0.003907780767684536
0.003995261906446623
0.004003202938848907
0.003953385092442789
0.0038161850225047343
0.003933243007465665
0.003827537486379567
0.003803704889724031
0.003945173073693045
0.003981601726845838
0.0039031647096687398
0.0038212727695437414
0.003928396071423776
0.004001769546386121
0.003926589440421334
0.003909945381705516
0.0038379984232597055
0.003878552205694307
0.0038560690663455586
0.003826646148726078
0.003920880861281019
0.003951684738609141
0.003878837151403007
0.003907207354537344
0.0038303907378576694
0.0039165977939098545
0.0039528025562841716
0.003855912588270647
0.0038537011801132136
0.003955805951180602
0.003835533486147012
0.003902287113679839
0.0038991575143466303
0.0038161969517490693
0.004029333544312976
0.004027537243673578
0.003923376244160214
0.003927147388375098
0.0039926900281404545
0.0040745535403090925
0.004068883939014216
0.003920969558655217
0.003914294588612393
0.00405350611445361
0.003915248947617199
0.003811888533943732
0.003896948449546471
0.003874855591982071
0.003867398463272756
0.0038024666998951163
0.003898983154628825
0.0038621283438156494
0.004091855717207571
0.0038755743538994077
0.003861936500761658
0.003888435755922858
0.003870404226638909
0.0038936886028386655
0.0038630517316882366
0.003971343626939675
0.00390990204793135
0.0037887178903578647
0.003879025370614337
0.0040049449071687246
0.003850575677352026
0.003809964493515768
0.003886477720557845
0.003912711348717234
0.00402613331131371
0.003860029042781597
0.004008284336720992
0.003857246415573172
0.0040247075239728605
0.003853960272556703
0.003923163080887337
0.003985319293902389
0.0039227466376697915
0.003983518497781395
0.0038624836052102702
0.003914598612547187
0.003983745556491028
0.0038688261798649494
0.0038592580602770407
0.004012443953459816
0.0038483964781127204
0.003928795338787105
0.00391176485473157
0.003855500863657133
0.003900183449233217
0.0038897539534705826
0.003908876321843958
0.003921450614829415
0.004077679202725578
0.003845795416688946
0.0038620494623319247
0.003860748761549725
0.003900300829554908
0.003846175511675288
0.003898034725737359
0.003929367135944111
0.003980563110921399
0.0038872842625382225
0.0038755467918651578
0.003877470365010335
0.004013663496755596
0.003899103812374441
0.003877426166072837
0.003862513446116022
0.003913427968509495
0.0038360275293234736
0.0038741344303291824
0.0038426948362861625
0.003863429014371442
0.00390375634405895
0.0038480454680809217
0.003833177643630604
0.003855137094755524
0.0038677821433936643
0.003855344689010443
0.003963326706517754
0.0038299479590828663
0.003978540181997232
0.003910545003101496
0.00393847560676347
0.0038186257793235458
0.003932881154552368
0.003874386496110154
0.003797252418475442
0.003852078721309746
0.003935466573041464
0.003893512148726066
0.003898517533962149
0.0040401223701025755
0.00399929843832589
0.003915361064719037
0.0038064033884022915
0.0039452761020844
0.003933273023493322
0.0038933900827708254
0.0040042603418364055
0.0038681526054278946
0.0038316800448644373
0.0038761263390603875
0.0038819615700465093
0.0038488087542022445
0.0038350609204332742
0.003991904137988708
0.003937926963969533
0.003851144174363331
0.003836588165390172
0.00393355072875108
0.00391452121851866
0.0038186399706838917
0.003858776905108243
0.0038966157651572886
0.004084518150980979
0.0039297173025884796
0.003931098612125165
0.0039525398211013195
0.004000235457455606
0.003901620019460097
0.003919265177932435
0.003964257013285533
0.0038689710921607913
0.003929694867193965
0.0038334271406139514
0.004012956707904648
0.00396101706968953
0.0038421968959404954
0.0038548670961920705
0.0038625269661757295
0.003954371472770747
0.00407370029383206
0.0038795777664719414
0.003843999790759491
0.0037981681263357004
0.0038517101451725467
0.003849116668570787
0.0038378877195074375
0.003936086385635593
0.003831616212888288
0.0037444125706263417
0.0038848875945300928
0.003952347832299503
0.0038126533358756984
0.003921310422883835
0.003870461061430563
0.0038898904629084945
0.003819703457245071
0.0038527938332741283
0.003870645526081457
0.0039279998321684875
0.003854644794150123
0.004077699049209644
0.0038846604368050716
0.003920692115622972
0.0038000641086338356
0.0038706499136398113
0.00379899430288268
0.003983515274927153
0.0039191493816075045
0.003878050780372827
0.0038809750129959347
0.003845173884349476
0.003904626338210489
0.003930275811414634
0.004027391929786453
0.0038877427970458356
0.0038696705976534367
0.003774771513583671
0.0038862694011602018
0.0038676233071185248
0.003969632317145754
0.003844587152956852
0.00394523603109909
0.003962366822774389
0.003902154439627858
0.003895477122153222
0.0039248414141392065
0.003857542392298845
0.003948185052057462
0.0038555854543977017
0.003929932018342827
0.0038149792432834928
0.003950005411503039
0.004021417719426868
0.003818437059443178
0.003913424017955549
0.003828486833122692
0.003936796906138105
0.0038155570612954243
0.0037734747688851454
0.004008818081846195
0.003829615374228784
0.003912391874972465
0.0037751330924220383
0.003826857445965288
0.003901373808080929
0.0037905383665721663
0.0037953270749754406
0.003969944307131559
0.004035162188894381
0.0037985642787368434
0.00386105192143337
0.0038652098171379685
0.0038584262925931917
0.003957723091422979
0.0038415368287158863
0.0038360031524540057
0.003896098011589077
0.0038001503206656446
0.0038521029588965967
0.00384671219691102
0.003829128108835513
0.003821253399530958
0.0037258839746521387
0.003907101755695684
0.003940313017311772
0.003859199010600735
0.0038203489501029255
0.0039051921042014977
0.0037787107303405977
0.003897121544037613
0.0038909197435714306
0.00393475439732096
0.0038797986640461855
0.003997638639162427
0.003960480639112315
0.003814464383259682
0.003880043714972479
0.0038261851081266025
0.003834453436679074
0.00407275811719176
0.0038338485077422644
0.003841564778621042
0.003817678367361493
0.0038928882729461684
0.0038241777552840564
0.003915170259258177
0.0038273521171816225
0.003867693799215236
0.003920639267640321
0.0039359148417133834
0.0038767884088779935
0.003855878231614562
0.003959391822905413
0.003786169601148036
0.0038782657200603613
0.003830416646440946
0.003850273157752651
0.003915196289640984
0.003832228415246521
0.003838550244732427
0.003927995080593973
0.0038116952153255364
0.0038474530238974173
0.003878371763774859
0.003812564887089788
0.0038733773765852676
0.00382036685078804
0.003928951454581693
0.0038722187688316418
0.003845673881837034
0.0038806463049591653
0.003804095542457487
0.0038659106363775207
0.0038490378527369883
0.0037895361066330223
0.00390979107311328
0.00385860353309129
0.0039447649700533865
0.003935357771447993
0.003939777761032538
0.003970659482625446
0.003835144090740609
0.0038362117144528645
0.0038893751869077927
0.0038466948289091565
0.0038187456713058053
0.003911000816733576
0.003785758042109332
0.0038196207296901518
0.00385402426822111
0.0038573903583788444
0.00386446108043726
0.003860893003043852
0.0039037797760517736
0.003793926652786987
0.0038714519114832263
0.003923128311372628
0.0038469343547642763
0.0038788186621552864
0.003876417217543349
0.0038381831464357674
0.0038123938007213706
0.003851584065903028
0.003999275526730343
0.0037997705838643016
0.003951010141712946
0.0038669194168843594
0.003759321425791963
0.0038986720522266945
0.0038599008318435934
0.0038848616628924253
0.003789473069565637
0.0038412738988076204
0.003802823888992342
0.003881602980961491
0.0037893078682411994
0.003984972241534187
0.003881366121349856
0.003823566103684633
0.0038073591826417084
0.003912591649651793
0.004145167731164422
0.003893471908855385
0.003773061687991555
0.003988841595710255
0.0038913563093436617
0.0038156817376147957
0.003781695964280516
0.0038156372116645797
0.003770296730217524
0.0038028869287310436
0.003807324391590165
0.0037785121863375287
0.0038733367147090448
0.003782325351379292
0.003995775890569868
0.003869099704900561
0.0038154117892138725
0.003831236026557495
0.0038967723179043137
0.003787765876456563
0.003785430733904442
0.0038881709635357506
0.003859049877417939
0.003833525758569262
0.003822520118306524
0.0038654367391219627
0.0038542784579164747
0.003820464533886739
0.0038025763150238033
0.003775637215834909
0.003865415599679441
0.0038880916126903943
0.0038088896947946135
0.003918233660182783
0.0038272702577523887
0.003751802263515336
0.0038890371719441778
0.0038758974105751673
0.0038290497150072563
0.00402304712608124
0.0037984035678008303
0.00381192258791998
0.0038238978878195797
0.0038129991931574684
0.00382630644904566
0.003930986029528348
0.0037901087306922167
0.0038542097470989187
0.003906946999320228
0.0038212428528640887
0.003799089078009794
0.0038602845133781168
0.0038303395122888367
0.0038786811641018304
0.003876150458069917
0.0038271004976039484
0.003849459867924452
0.003766225375729846
0.003794843527243107
0.003739461929596603
0.003860253988864965
0.003783715782337822
0.003824359544253509
0.0038182101285617266
0.003786841999972239
0.003995743165396561
0.0038184681672802463
0.003787370665210931
0.003838470277925288
0.0038816209556534888
0.0039391173081406
0.0038805007473066717
0.003878520846067529
0.0037727605017218073
0.0038308327706597215
0.0038513754915246476
0.0038589143801800673
0.0037642192964059567
0.003792815112808187
0.0038105522422119975
0.0038081633801838118
0.003869289867579937
0.003868136885243335
0.0038119057883575025
0.003874167311254756
0.0037527077693292605
0.003930273652741951
0.003781333444473733
0.003821210084611916
0.003800503923098404
0.003934228870452249
0.003790939585347327
0.0038228361295270068
0.003807620390601057
0.003872771390012011
0.00384924136418184
0.003831848562196163
0.003920967612980998
0.0038005785183382354
0.003927420885634742
0.0039793510061489155
0.003871723593911156
0.003872569695480966
0.0037545693081379537
0.003955599260516465
0.0038231223319391055
0.003764931869726362
0.0037568181674993996
0.0038263950395464367
0.0038804124310679203
0.003948850603358421
0.0037580775122582314
0.0038020464234939156
0.0038269418593803754
0.003957534661915686
0.003793307886849756
0.0038520599349534937
0.003812390556309505
0.0038714827768438096
0.0038121537757771357
0.0038470227128293896
0.0037868651542313663
0.0037753365928905884
0.0037921775878307275
0.00387846791784146
0.00377868908457458
0.0037467744123257166
0.003728550176601857
0.003774289167652439
0.0039338897487946915
0.003842335485637055
0.0038006334106570907
0.003806037202427563
0.0038393836800405877
0.0038387288444209845
0.003991106847741841
0.003780268767233273
0.0037905002410324024
0.0038675295520260986
0.0038405320532287337
0.003755782058256695
0.0038144284758241808
0.003807661014475993
0.003874784893139024
0.003873729504744655
0.0037989170053541396
0.0038601938635110856
0.0037860426002381637
0.0037841147793057773
0.0038060213006766777
0.0038368729388873492
0.0038394022913001077
0.003928235874544563
0.0038611830032563637
0.003692008689311998
0.0038297850713466426
0.0038465245361190424
0.0037673904111475815
0.003870824203144626
0.0037669414775778672
0.0038474749420337115
0.0037293633165037528
0.0037315902819890262
0.0037033697745729502
0.003773168016299938
0.0037787194704911337
0.003757832645122627
0.0037398966662710465
0.003775768250260236
0.0037699388995367502
0.003884901355839767
0.0037710791989489477
0.0037898367403873374
0.0037833874776593544
0.0038036550408495325
0.0038984016294957005
0.003789844335988164
0.003810270834448082
0.0037823928337145066
0.003935952168456944
0.0038683989151780097
0.00382060621914986
0.0037923475497934436
0.003780306292797572
0.004049114169985322
0.003802653096915622
0.0037948698844827177
0.003771986141967188
0.003784069706286703
0.0038092918549331705
0.0037879894613953575
0.00370294354041107
0.0037743477498380735
0.0038634467134085883
0.0037722531366827235
0.0038850108998095883
0.0037829046130978634
0.0038129865102070784
0.0038161925746992764
0.003903830464530204
0.0038415334045255023
0.0038115151670561837
0.0037640293419826778
0.003722409717156552
0.0037952363568391385
0.0038732301470424447
0.003866298832248763
0.0038966011085514243
0.003828185332489998
0.0037497990169718166
0.003826061283013717
0.0038073496597852293
0.003770607637707144
0.003813903381732026
0.0037378132597028265
0.0039128617499955
0.0038541191570194704
0.0037116798745202165
0.003751927726469668
0.0038375864339260653
0.003988399988239897
0.0037809923502417015
0.0038012388631302333
0.0038121712214446496
0.003805855651818482
0.003920016060915909
0.0037845843784244998
0.0037658376966179016
0.0037159366400114128
0.0038118152218937344
0.003779973518186515
0.003920993899144898
0.0038453126406030997
0.00370966697444341
0.0037965504558191503
0.0037509558452958505
0.0037485679287523714
0.003821909329022414
0.003853003283563469
0.0038580179697601125
0.003830885038810915
0.003998587762138673
0.0037299082215343205
0.003781702603030551
0.0037880972572436025
0.003770529607494869
0.0037781116439769644
0.0037406658915071084
0.0037235637686015774
0.0037997011437879077
0.003908207045751624
0.003703833116950201
0.003713150414239083
0.0038074137917387166
0.0036967363413090686
0.003859926796825935
0.0037773347333339706
0.003734665916251418
0.00399793953535014
0.0037537413369864224
0.0037594306996158724
0.0037657166428730956
0.0038029592989810876
0.0037853745904534923
0.003798721955390647
0.0036975743109360338
0.003811858162974074
0.0037851867309239293
0.0037960991159447337
0.00386314465048989
0.003791968103531482
0.0038506521241756025
0.003758310876354309
0.0037700469790300823
0.0037736659686613294
0.0037277579490989864
0.003819988221179561
0.003786688550940848
0.003767389909979621
0.00384941952436098
0.0037481104505215105
0.003747798664096211
0.003780973518899243
0.0038096252416393588
0.0037456239664295154
0.0037315140649297972
0.003786457391917273
0.003867286890020166
0.0038401087996317073
0.003720802069708173
0.0037964295176789163
0.00371370712544636
0.0038684585572419956
0.0038120827096281575
0.003795518321484061
0.003691427306746066
0.003785633692750707
0.0037322398761170917
0.003821945470990613
0.003767544850208131
0.003993327396705613
0.003754462828468864
0.0036558788780322563
0.0037422095207564
0.0038507039066670197
0.0036810737715235776
0.003716643605845158
0.0036574230952620772
0.0038086109229230453
0.0037222928443225102
0.003962641436124354
0.0036650086747665356
0.003819186686471637
0.0037686874649287866
0.0037601360354372966
0.0037228271296148056
0.003760545648900526
0.0037709278441746263
0.00375351528720265
0.003715264716042189
0.0037460336242137213
0.003744191150347303
0.003834721848834306
0.0036966600180104643
0.00382521650516927
0.0037364949773265317
