0.0014009031173606802
0.0011035102078000949
0.001044376684710317
0.001000322828939326
0.0009696949619267668
0.0010073773673294844
0.0010509208257177046
0.0009711864537218519
0.000915688084226401
0.0009043269835819956
0.0008161415143279425
0.0008331082552571648
0.0008313012447555731
0.0008186172725566264
0.0007985297951381654
0.000767610183724433
0.000786344006690862
0.0007459239857105006
0.0007449288029082319
0.0007650714280940259
0.0007450623287981476
0.0007329201576482903
0.000718436902139469
0.0007303750429751484
0.0006951138104133341
0.0006887907791964867
0.0006959320542435827
0.0006912134291321439
0.000696836848593583
0.0006849041651418832
0.0006851762021376219
0.0006908766415108403
0.0006939065156620927
0.0006927594435027068
0.0006867015458140356
0.0006900187509849534
0.0006933220697516975
0.00069660003799072
0.0007142719048247922
0.0007147885475673579
0.0007498323257563503
0.000729499712262103
0.0007282334377565089
0.0007311734441360126
0.0007374725996019801
0.0007524899333449347
0.0007581963987571985
0.0007851268851014278
0.0008140970392527639
0.0007943483166413249
0.0007985786701569201
0.000809554188911404
0.0008147639804103944
0.000827012729548317
0.0008431200964676983
0.0008479724260645786
0.0008716604287370241
0.0008634730983820711
0.0008805601148716441
0.0009430671967441283
0.0009190750803099945
0.0009084374688609387
0.0009070900878785843
0.0009179065671300383
0.0009317763524761955
0.000977856296937846
0.000951338334000736
0.0009603099625175154
0.0009640359466097185
0.000996253364095797
0.0010144090800063817
0.001003112531865814
0.001043085783187832
0.0010348131120372272
0.0010181959263198743
0.0010396325235446317
0.00104159242053616
0.0010518548876695733
0.0010594213924819736
0.001070445858765327
0.0010899415275655753
0.001117501227241259
0.0011336258100553616
0.001091355882111072
0.001114357012016366
0.0011064274447354753
0.0011361891037086026
0.0011298140714643523
0.0011243481680035725
0.0011348973781319467
0.0011560181185320418
0.0011392163414607889
0.0011475386754110722
0.0012045527806913015
0.0011993885362088415
0.0011901651338225097
0.001168036137740793
0.0011789312160025084
0.0011997701775648497
0.001203857015020081
0.0012074269805868556
0.0012203035324429429
0.0012065117013116834
0.0012134703695690925
0.0012075293672803257
0.0012425734733031797
0.0012383615798898973
0.0012127416689431162
0.0012802620060808425
0.0012368126734924902
0.0012464289702308763
0.0012734940101342676
0.0012640628546276794
0.0012672130055060343
0.001293461716237029
0.0012516073407771598
0.0013376552884126016
0.0012983928493174191
0.0013169028264902799
0.0012923373865695404
0.0012843825054421488
0.0013206510853654306
0.001381332615523466
0.0013393607654766779
0.0013438105630588584
0.0013408954893488305
0.0013294221050871003
0.0013334145299657913
0.001345005873923323
0.0013640820787986742
0.0014502085565306646
0.001387687610570408
0.0014216834606070603
0.001378656003341478
0.001429613478581554
0.0013811332690030602
0.0014147419077510546
0.0014085850252221071
0.0014312356093848524
0.0014868814489870732
0.0014340071808796244
0.001466652899003488
0.0014513534561514721
0.0014775048314394164
0.0014728860814232445
0.0014546195684566295
0.001489811676604274
0.0015062739638545151
0.001569884803694939
0.001591182761975298
0.001495696283943419
0.0015170407417151313
0.0015040003100044227
0.0015126437976349344
0.0015639498543792538
0.0016460506476037803
0.001558078681285094
0.0015678184565123437
0.0015366635909387176
0.0015524705439124123
0.001547842943899533
0.0016007083226993147
0.0015462979075631924
0.0015888035931857303
0.0015929355027453442
0.0015848547057768364
0.001595968504175289
0.001610079897363903
0.0016335580630610432
0.0016124652672026838
0.0016130055993978333
0.0016345868790189602
0.0016272371763625415
0.0016282032543261137
0.0016942988273305154
0.001625028145936085
0.0016503846650344452
0.001663015923570908
0.0016272109904925205
0.0016445946115501492
0.0017091693636029958
0.0017738819185095574
0.0017238697534568408
0.0017121929913992062
0.001776355213743435
0.0016815980280184054
0.001747785666001229
0.0016739234841786908
0.001802725779458082
0.0017720264569756443
0.0017776849222114575
0.0017975494796909125
0.0018123823852926892
0.001763635367678944
0.0017868244220621168
0.0017593352215979914
0.0017915133948450343
0.0017980408551271207
0.001853167734848934
0.0019740576065669303
0.0019100597660040616
0.001889778708074508
0.001953876455414242
0.0020184406835635723
0.0019088225376929456
0.0020182834629199372
0.00204738693760841
0.0021674357779141117
0.002101513296508009
0.0019454295100461293
0.0019687509171697976
0.001963818504934482
0.0020185096449027435
0.00209556976944441
0.0020313961122051948
0.0019982194294321486
0.0022454690009804574
0.0021443581071590805
0.0021634181045893847
0.00224398400717681
0.0021350252040636926
0.002149558762653864
0.0023075140621845744
0.002102587099902199
0.0022842217184370385
0.0021122637916466502
0.0021822122654910864
0.0024544902066047924
0.0023265094828924964
0.0022468149866991943
0.002325414923339914
0.002331784789109536
0.0024239025126943097
0.002223919636037733
0.002233195567886079
0.0024591640376768606
0.002225877832471659
0.0022376066114312768
0.0022897083847783508
0.0021903121436480434
0.0021893714434450626
0.0023429564834805206
0.0022846681363548017
0.0023723135855730757
0.0022444063554784015
0.0024583210082658167
0.0023927697012550197
0.002456527412661152
0.0023886187375423366
0.0024059557397101473
0.0024622532700907737
0.0023769647128730345
0.0022707032821407277
0.0022132837861343953
0.0025354909826169857
0.0025591441386495716
0.0026233456188596654
0.0024333042544978007
0.002600981993819005
0.002475285350062352
0.0024891041860766044
0.0024769457042150733
0.0027069572022134837
0.002600688294374517
0.0025139186756236347
0.002450083335833954
0.002484286096109177
0.002417311477142253
0.00246053811956829
0.00254482461538698
0.002409317229674863
0.0024518413628486866
0.002412456103983069
0.0025400057698633256
0.0025141976228249927
0.0025009615286502853
0.0024537758691258204
0.002635596545338298
0.0025853081265605786
0.002580745140689292
0.0025490265509246716
0.002498126842173016
0.0023263591567852667
0.0024264272639473866
0.00237000856504892
0.002597427791084296
0.0026659588590596936
0.0024648397822082707
0.002544672832996834
0.0026157941697913752
0.002629965118248947
0.0026848333366381537
0.002962956310574165
0.002810223724393706
0.0025163663685920513
0.002722869645845744
0.002509492325604827
0.0026988069507041246
0.002626943781818097
0.002680037531931053
0.002587234130374522
0.002672073907950627
0.0025788425135293176
0.002610452987844058
0.0030034205329554555
0.0029486970614276027
0.0027288921989799876
0.0026719008598697007
0.002686169101840018
0.0026243587303283024
0.0028178129760947613
0.0027169297209807806
0.0029254495638971483
0.002842748944448041
0.002787924164315752
0.0026851991534931584
0.002872919013939931
0.002715355778844761
0.002465954948851764
0.002872021584106343
0.002958923895306985
0.0028408647799265706
0.002684598593373916
0.0029937386283251854
0.0029861613514367493
0.00290042223868243
0.002859780833823606
0.0027237683575367555
0.002875086429246169
0.003194354294225507
0.003628042091939798
0.002879621971542292
0.002805117450999595
0.0027421918594544487
0.0028800789529590735
0.0027690512400087236
0.002934771987576304
0.002861812074469136
0.0030106500981647902
0.00294792963713657
0.002838591843028553
0.002856132856936061
0.003033237848323032
0.0030840543899310954
0.0030256421024699065
0.002963721909077971
0.0030214373298388508
0.0030349412041999002
0.0032199679135477967
0.0031183307730160387
0.002804444287986761
0.0029719719584058372
0.00302559708735706
0.003086500691762402
0.002973814244128984
0.0031552602483757904
0.003275539519839055
0.0032080533253403183
0.003028645688885133
0.0029181204520032874
0.003230149163074592
0.0034247218334348874
0.003291914684107594
0.0030553465753577515
0.002971673977652764
0.0030980569421080874
0.0030576370305789168
0.0030538491435748126
0.0034018564689488684
0.002978876819834113
0.0031258134868195546
0.0030945945196435786
0.003086637562914153
0.0034782130510263545
0.003200072328576685
0.003201606845333507
0.003247650310763025
0.004590526831577466
0.003309933757575761
0.003290123512768852
0.003338474513064804
0.0032576393922291963
0.0033524210769350507
0.0033870069611501613
0.0033479662854889675
0.003276357719691337
0.0033907720140164853
0.003361788540080722
0.0036862048273074576
0.00318076639843639
0.0034055875468766315
0.003594588720588945
0.003469645370080668
0.0034482507421801398
0.003406889484363741
0.0033726955986847834
0.0032254953730651843
0.0034058575483088913
0.003583547212765552
0.0034147688058770395
0.0035338370802596077
0.003438158940698486
0.003428718699748563
0.0033070936239840065
0.0033307353077855492
0.003271259594309543
0.003233451681610729
0.003319671502852413
0.0034425746074495172
0.003306285278771871
0.0034329194189714534
0.0034310298358988284
0.003495120261754242
0.0034090496453739304
0.0035011894166901976
0.003460208840718094
0.0036064975157413365
0.0032602763230845863
0.003354202677312839
0.0033877772792142683
0.0033532918860769965
0.0034398957059602253
0.003491084256841402
0.0035876223407727333
0.0034829494163360715
0.0035233350091480784
0.0035285438160644845
0.003498483964192149
0.0035343113045174894
0.003515060169988179
0.003484057105878102
0.003391892479350125
0.0034270255080524033
0.0035017269178726045
0.0035278111065937473
0.0036275561421228175
0.00408464481871176
0.0033898679782370373
0.003438554117206617
0.003517167176136614
0.003531615793309279
0.003427500117353962
0.0033713609404263218
0.0036415274576782914
0.0034138582464739945
0.003338156664893696
0.0033817720130069314
0.003435808442965416
0.0035213040688540785
0.00368040086169328
0.0037892359821957403
0.0034965248262908842
0.0035848421007228484
0.0037080718943616376
0.00337757104846105
0.0035138575701525302
0.0037133973375395204
0.003384122928005776
0.003720239371260894
0.003474668854108372
0.0034944696485347646
0.003537379436955754
0.003575140318966338
0.00347918606496283
0.003597698347169041
0.003433870856611715
0.003832094106723421
0.0033955918579262547
0.0033456503641459026
0.003497572607177842
0.0034091485945308315
0.003527038669396591
0.003515553765464574
0.0036102237698755093
0.0035426583679925116
0.003496235839307441
0.0035711021303099447
0.003428269901487511
0.003462135189745043
0.0033774163832172885
0.0036999195957157227
0.0037809522910642306
0.0037157672607905363
0.0035044615143020306
0.0034478677870148594
0.0037136736661860987
0.00357694280333817
0.003730840844334255
0.0036731336405085003
0.003615678746843644
0.003692114646421812
0.003536732247115911
0.0035618481923094286
0.00403411405967615
0.003495614682573692
0.003651778635685332
0.0036667703000629053
0.0035336655404950893
0.003570977785192164
0.0038167881000221574
0.0036558549617101174
0.003955210656006654
0.0035196457272728106
0.003432321433460207
0.003600487100900084
0.0036191201038725143
0.0035858851992192544
0.003396389252863758
0.003703594754333608
0.0034368680958868935
0.0034819650579343683
0.003588319105661607
0.0034836200005052627
0.003436824695589686
0.00405625005524988
0.0037424115911666635
0.0034409690427128227
0.003624709672710326
0.0035644900432920882
0.0036835949983963345
0.003800520722039177
0.003919543119845912
0.003555538080358279
0.0037178885751304085
0.0037654040727647955
0.003854369644208678
0.003514906559305798
0.003950768168371204
0.0038313377810326138
0.0037230055422488866
0.003514227163416633
0.0037098802681014473
0.004103022932457472
0.003956630181887054
0.0038201829808947097
0.0036613663639374345
0.0038653397345167055
0.0036273162744224203
0.003729492286583991
0.0037190676760344233
0.003784319495732364
0.0038035607706323
0.0037421767322146997
0.003715936079471638
0.003923236312756282
0.0036732977370099564
0.0037834779589944185
0.00357641394624287
0.004047094743332959
0.004085612383870674
0.0034456607557616994
0.003759026052004109
0.003935473654959684
0.003877558005873912
0.0036171718996359102
0.004022201527467197
0.003898799491996345
0.003591050138264628
0.003677509225308313
0.003439925362971345
0.0036556577088361205
0.0037034765296682184
0.0040778867489176
0.003667942472924811
0.003668709611644902
0.005144684127382269
0.003514121785327526
0.003950739879894952
0.003879207608489586
0.0038628199661616238
0.0036422265310622087
0.0036274446337483824
0.003409937939473561
0.003668913022099462
0.0037545487508344063
0.0037283450559646423
0.003546925231099262
0.003733103305338383
0.0039105811074426
0.0037386552454284224
0.0038448430187002355
0.003627023764343604
0.00370966746193257
0.003845227095340046
0.003804748941100635
0.003694885060789862
0.003487421057985297
0.0034901589146050225
0.0037438127164101127
0.0037672681788015845
0.0039509943581651896
0.0033919754417313795
0.0035010919910356667
0.003738913442814789
0.003876101623962833
0.0040352189093079815
0.0036193940331161554
0.0037429400882683693
0.0034920369985879268
0.00380581395538424
0.004129689730096808
0.0034556886004117717
0.0038099077880282754
0.004162806701164559
0.0035504098920500836
0.0035751591330128057
0.0037522736830266825
0.003455881754094402
0.003823094167740107
0.0037451217777977166
0.0037958281358753863
0.0035770307906620603
0.0035068567648496745
0.00320752552610689
0.0035865391365950926
0.00337981583367634
0.0035904712411242404
0.0038198737993038125
0.003668418989067764
0.003368564990191122
0.0037140559443339174
0.003760244558548688
0.003757040977860535
0.0037223190010990947
0.0038349836800313955
0.0037059807224432005
0.0037826455625534954
0.0037957546936481126
0.0037961902969982477
0.003720461857904281
0.0037818214607458294
0.0035138469205620434
0.004163056518050975
0.0040609080279162815
0.003873304889379402
0.003703771542724488
0.0037700660076058867
0.0035467895624294345
0.004117148646785479
0.003433769124011243
0.003686957061290741
0.003523289805224132
0.003560313724696503
0.003435020682435217
0.0038031627656476175
0.0038364055282935233
0.0037675732243639816
0.0036308672063751148
0.003834459654171951
0.0037769610193832447
0.0037843624644613425
0.003422977457604637
0.0037722516038515355
0.003910570034760375
0.003904125732452875
0.003966490876212317
0.0036840857058996336
0.0038533125524242806
0.0038243202259764077
0.0035598700021988146
0.003729839410807472
0.0037749348829467116
0.0038579636632948677
0.003858605736334409
0.0039048330943166677
0.0036921412786302555
0.003892942691122049
0.003924861708531222
0.0035147924877154376
0.003919730794732459
0.004066845604185281
0.0038313872388763617
0.003839192457131243
0.004161098804886154
0.003858714346426265
0.003715659442573919
0.003766947513587573
0.00373060525249457
0.004238548055124868
0.0037569185646965965
0.00348586702340981
0.003743442630262247
0.003703767811072924
0.0033170269774148308
0.0038116986035934782
0.003631257692717814
0.003678574932855554
0.003821106866255702
0.003539443271708608
0.0038035023092691388
0.0038384773391797874
0.003668648963918843
0.003864958620813143
0.0036553117035821613
0.003528677599221867
0.003964111551052026
0.003577571810788608
0.0036323066706037415
0.0034723729103903417
0.003693992966021012
0.003803335763763503
0.003835995053938989
0.004373749226319237
0.0036429969641280226
0.0035752808748761057
0.0038414933723522286
0.0038816899707723807
0.003942953096619541
0.0036360083768210774
0.004316222235148806
0.004732269316446036
0.0038089209852075457
0.0036529448118692797
0.0034816908882930875
0.0035390805051013427
0.003849539183637327
0.003936212680418976
0.0037033064177791988
0.003573043873932745
0.0037392083506399233
0.00380912698713863
0.003978487819715935
0.003785787531274504
0.0037764674709511122
0.0038189865346066653
0.003932267643478034
0.00364944963675433
0.003978850330458954
0.003934143841948493
0.0035407197982671537
0.00370817433535454
0.0034797507797858476
0.003658812047048871
0.004051310078482077
0.003686792798855874
0.0040469685466502725
0.00401370719102228
0.00405054372943206
0.0037441061893228574
0.0037383494832725515
0.0038723442614432965
0.0034873278166768222
0.004011573055195185
0.0037741809471377305
0.003853399203175546
0.0039782211122136295
0.0038852702200944935
0.0038220633223578003
0.003792240280932414
0.0036706759577750095
0.004205580546487389
0.004154351472950241
0.003891518181855125
0.0037513922232808128
0.0036933338434235858
0.004082589687895961
0.0038464293027729063
0.004082459467629503
0.0036950642369421465
0.003944425584216203
0.0035430383256503514
0.003482804839875046
0.00410552905539849
0.00403622831883175
0.0035878687826542384
0.003730836379857335
0.0036015947420881796
0.003971808600014941
0.00400154521469988
0.0042914493253920225
0.0039888310338470285
0.003789186689017307
0.0037121042921769132
0.003958404493584697
0.004356553810316005
0.004363363631782704
0.004211126218745319
0.003968016164144501
0.0036408619707799517
0.004374040061738924
0.003914600075264129
0.004125975474224625
0.003454339298519439
0.004498365464293914
0.00395299896574865
0.0036617679150991274
0.0037907192066528035
0.0037403821030914386
0.0038281348481541497
0.0037840360290777295
0.0039563381105212365
0.0038018170247752486
0.004167497439276693
0.003762404888735286
0.003996692491761808
0.003645369477703103
0.0042205738498263855
0.00415397689166379
0.003930829010163767
0.003935750449891202
0.004474127416573798
0.00394361122983485
0.004101602749100753
0.004035429006159705
0.004074166436205685
0.0038686108743422663
0.0038329956913366915
0.004108970055193432
0.003928921924296966
0.004110939641582913
0.0038340976016895314
0.0041406553381654835
0.0038271320718091116
0.004174203997245059
0.003738615172473406
0.00434210309750467
0.0037341238399884397
0.004565473889670102
0.004012453086293785
0.0044275620029430585
0.004280880414589774
0.0040917983244954876
0.004541266202244774
0.004260213469554271
0.004139935910144621
0.004036601867119316
0.00439538520777465
0.003966092510215406
0.004295732868319776
0.004120538963746055
0.004317692316877323
0.00414474918594351
0.004265321380932749
0.0041916319263067894
0.004525873064121697
0.004570221130270511
0.0044057912725838835
0.004906225852360616
0.004338743889987069
0.00426259825735802
0.004522178258630447
0.00426952597836914
0.004269107953088158
0.0040950731976772655
0.004314942017413809
0.004528437889322439
0.004510458948414973
0.004233134041299179
0.004041387820455417
0.004626763085003144
0.004268551762693928
0.004428528655885852
0.005241459294421864
0.004291747728350077
0.00440897092081806
0.004523583103416188
0.004512355262164159
0.004108330117139433
0.004472058354211705
0.004761606471646311
0.004314808664525376
0.004354079494140543
0.004174287041449653
0.004188227311242371
0.004337773242898818
0.0045771700345046285
0.004528567561979538
0.004402384670434653
0.004299022531818732
0.004326796075287608
0.0048567498980264644
0.004466010430395337
0.0044834543314729155
0.004590650881436886
0.004618513487761707
0.004743789433102523
0.004979941388301086
0.004491288321982471
0.004579349884256122
0.00413376706062471
0.004891171077781889
0.004488961726227509
0.004267027081327147
0.004471513928438071
0.004519526739022695
0.004529958962155953
0.004571685268560291
0.004602453965843389
0.004119604669187018
0.004595029621954641
0.004486467963018055
0.004483981504932412
0.004618896680481807
0.004751522568341378
0.004358956115954373
0.00413433869342303
0.004602469103888974
0.004726652937097242
0.004663261702932816
0.004629603344011619
0.004897285883531107
0.004550934083693262
0.004546153311005453
0.004599045676046184
0.004556894838169683
0.004981165017816238
0.004110665035550482
0.004449167784145435
0.004664518468198367
0.004537224338439825
0.0049219968925795655
0.004811449223468246
0.004741672560017573
0.004816779885108449
0.0049478270157955456
0.004682924012761629
0.004526822264971478
0.004853250937760874
0.004460018484720162
0.0046404813389511294
0.00456062800874601
0.004887075501859986
0.0047060818862519225
0.004256658658601476
0.004965693540205913
0.0044987988885051376
0.004650530309632554
0.004408776377230034
0.004478000877882421
0.004356452012346251
0.004535421208233206
0.004790436105062587
0.004243759393970582
0.004383866369233666
0.004519883899650137
0.0047145689134153405
0.004587125178493027
0.004576148453010579
0.004569013581328493
0.0049456896413383735
0.005200998126030234
0.004348846605431618
0.0047171229394007246
0.004508146885699327
0.005373806641561844
0.004673478262203779
0.004865553397061636
0.005063597470995903
0.0046482596314412405
0.004469008710917218
0.004268167517147958
0.004658024444444371
0.0051062450781630886
0.004695757385093852
0.004813145075625341
0.004704263454498557
0.004484743084675366
0.004470278958677747
0.004410858125052723
0.00466829990099151
0.004922619635991786
0.004882179071178793
0.0050040873769259114
0.005467073447091804
0.0045828496006184395
0.004820738895962547
0.004961630073001808
0.004928295207321623
0.004694768976644679
0.004604636809006998
0.004968805543363227
0.004872487929387717
0.005238198115382277
0.004711429451833412
0.00516061811974006
0.004579015415531883
0.005029682226242065
0.004602658844419888
0.005078679074649699
0.004731911685334386
0.004408870961134588
0.00519591759728168
0.004655071536586287
0.004983400581113529
0.004581586537907632
0.005059559812548936
0.005034909739549351
0.00523692915643291
0.005058748420955713
0.005492188897956761
0.005180648040841333
0.005345712348935194
0.005193467076314846
0.005136219597438217
0.005318031702440099
0.005368631470628315
0.005279674776039818
0.005339866887703206
0.005244954546007128
0.005054510590146362
0.005294030714740074
0.00612165674226292
0.005317562910994248
0.005513325404878872
0.005523547854578023
0.00592949573911028
0.005446848684015485
0.005574362523381881
0.006274297828370306
0.005674280553399253
0.005755647311169534
0.005645772778724287
0.005762266094804675
0.0056319196710995
0.00499082544272434
0.005980200029152911
0.006021865233087413
0.00644345354039355
0.006050736785275928
0.005995499124817018
0.006015066832987941
0.006286727187439932
0.006813568091809949
0.0060540349480496455
0.006336684046119834
0.006403747543613463
0.0066529924315234116
0.0056651088575017635
0.0063632858822737556
0.006413823859100895
0.006250872822378629
0.006279346670281874
0.005932032305104908
0.006009552649421883
0.006426383147024483
0.006336191560019091
0.005752117285155691
0.006409424820657088
0.0065601222759037875
0.006327044014511297
0.006724788018410826
0.005896479207232395
0.006677220627357851
0.005882119815276902
0.006136585220686226
0.005794980265345657
0.005941889343937094
0.006561520122673496
0.0063515733127415585
0.006370383361728662
0.006947598975207906
0.006335655474103987
0.006259612283777512
0.0063448452649026875
0.006925406148085521
0.006963599639106438
0.006629453935810099
0.006644071572019519
0.006467832779412025
0.00639266385942132
0.006317631869325331
0.006066994193783363
0.006260432079143357
0.006297018932803309
0.005805146319180494
0.006965062829154444
0.006394075005830798
0.005499505912037941
0.006294200163018624
0.005997902644241029
0.006446145489670536
0.006230025705943782
0.006644739374709648
0.0062482484668310335
0.006131946413120854
0.006845636717584317
0.006733429382605079
0.005718155451509769
0.0062943376634835395
0.006208201886287758
0.006152646395203192
0.006231401705930954
0.006233602754655294
0.0062925400786168345
0.005817922543688577
0.006263802182906407
0.006304553979215208
0.00663157888004207
0.0057951407647384
0.006219231142541893
0.006041543463943526
0.005663287395228898
0.006403252895730215
0.00687531183459214
0.006156487679233708
0.00624398513654443
0.006895025125704706
0.006384416878198473
0.0067139262904882865
0.006261597443766992
0.0057559327635681255
0.005957181014403302
0.006384338875442544
0.00630430168183271
0.006616066501155728
0.00629651047979548
0.00675125206159594
0.006322425395732612
0.006065620354534725
0.006061182496487163
0.00614638552633031
0.006108065309194249
0.006181685151906484
0.005991622357437986
0.006870133678312414
0.0059832220915278156
0.005635940066588643
0.006357003471618684
0.006008829032160585
0.005988281822023315
0.006039254890139481
0.00652308550588454
0.006720088408702785
0.005947705377268448
0.0059977563064603605
0.009284648694800645
0.006505391744056916
0.005864670117080095
0.006392047529308391
0.006422275265296256
0.006140041112438276
0.0058394741399180414
0.006198485000682662
0.006142779918113125
0.00649512653044034
0.005511161662829441
0.0058429904571052505
0.006013862370247288
0.006052308285933188
0.0056658549573746445
0.005645664591886868
0.005923035431561792
0.006022557004546018
0.005147916827450639
0.006092397412202055
0.006174250638869125
0.006312942443640038
0.007146526333110939
0.0062150486243834685
0.006080629478612017
0.00615448246622691
0.005654152230126783
0.005460828328858562
0.005972612546725681
0.005658364525630272
0.005861694177354886
0.00621712960045053
0.005313324566356771
0.005850290339720752
0.005772305761430678
0.006019220010452305
0.0061629015112911086
0.005692613901296032
0.005860453435286348
0.006162448126685506
0.005609723683155607
0.005580896522910084
0.00579778154106212
0.0055140259553445505
0.006503583408775739
0.005400478070784759
0.005752951922892992
0.005945135617803316
0.005910760772925901
0.005689441039351095
0.004676099044195975
0.0063102947661952515
0.0058540572993141336
0.005637545008669674
0.004945495476245664
0.005563249630462711
0.006019204759213608
0.006244796601351611
0.004579349817525196
0.005510264777195906
0.005261213327758014
0.005638058906346949
0.005302061268303078
0.006111125658959021
0.006414920335685435
0.005439439366517555
0.006092153739757902
0.005688258826682743
0.006199332379385721
0.005165770961071498
0.005197778134939394
0.005351615558049941
0.005618951374822895
0.005224456308372152
0.005149392631636667
0.00530911721193531
0.0058273574747311485
0.006104401710784129
0.0058472769399980145
0.005965157053350205
0.0056874642832553945
0.005583849873094421
0.009544990576188347
0.005484804727810635
0.005756325996751132
0.005539518463608277
0.006000990350626775
0.006240561771846842
0.0050896777696159134
0.005870158971603295
0.006032802624000137
0.005823721430871436
0.006514753587918157
0.0056918185815032175
0.006518523544514372
0.006011346298024104
0.0061665979233138
0.006106257159678665
0.005443963261204772
0.005647242059349082
0.005821153483578071
0.005739093478270141
0.006240207490606865
0.006140021431367911
0.005368617659634246
0.005432711963263241
0.005898158337555027
0.0048309132455947945
0.005495770634775648
0.005508565611962695
0.005840861077761344
0.00588240545777288
0.008262362275542858
0.009105053540905439
0.005892649006439439
0.006098516642866474
0.005541891098213714
0.0053380189937680764
0.0060835685996322095
0.005387204944688294
0.005906774335349577
0.0056959555548590805
0.005999257241575314
0.005952535395377449
0.005829304486022531
0.006054119056435801
0.005614141459305496
0.005594595490006863
0.006284399634938122
0.006000928027842747
0.005423028308889895
0.0060821121261843865
0.005305299094429106
0.005834866906765716
0.005738551218382781
0.0061619127002112304
0.006669540144536898
0.006330395893689586
0.00581994735985063
0.00588898921445694
0.006109511323447805
0.00618224998471955
0.0056361250081889535
0.005892699761040733
0.005410351383553851
0.006126276273238806
0.005323725378444319
0.005907109229213217
0.005292212798969039
0.005742357686212927
0.005865465384912503
0.005116755564148272
0.006329086724248815
0.005256781033076062
0.005566801000677515
0.005441940264052911
0.005882680633959743
0.005898729606331992
0.0058099949167600634
0.0051188444276132426
0.005435013107229939
0.005601591583940068
0.005695424546013653
0.006263567484628376
0.005824369005692591
0.005426573564473074
0.006640402424340469
0.005110616484141376
0.005693465275606806
0.0058081327416792715
0.006035906918841647
0.005867917889429789
0.00571745180707824
0.005176953396543727
0.005301584577246103
0.004941672090436831
0.005251163247490435
0.00643852422292444
0.005967183025710412
0.006112609071632116
0.005597669865746866
0.006388323792239784
0.005565470997452004
0.005881173445460653
0.0051334178450218
0.005138984285939452
0.0059710424318577026
0.005518603737894279
0.0064204405282673955
0.00594314158835914
0.005144832198524714
0.006093509696116339
0.005909873986965976
0.005946017194759666
0.006370688689140869
0.005854748384819167
0.005923995560525717
0.004935296203101253
0.006177100874130182
0.005647047590547507
0.005952348639756175
0.006218310997753308
0.005544782371705099
0.005971839222568503
0.0059363258182254085
0.00644311794271094
0.005726076601297661
0.0061676428469945675
0.004714322945240253
0.005284651864349144
0.005827741837305699
0.006048884349532143
0.0048742489927099085
0.005811530894841001
0.005108551645576621
0.006529294101970403
0.006002366046512699
0.005841943186798224
0.005151963019951447
0.005670580521691591
0.005753625130995975
0.005867828207597735
0.006638497326431596
0.006669437913328044
0.00604651271646227
0.006102539652825466
0.006886620866508955
0.005465257062709757
0.006210955536558426
0.00528639195208338
0.00569689351247819
0.006258188911597244
0.005269045625879829
0.005454404060801607
0.005366498189978301
0.004966431896942335
0.005525149254764464
0.005947816638030678
0.005301335329880073
0.005401413169622954
0.005955419337655517
0.0058118885858026
0.005652675658285651
0.0049393682593446495
0.006126842048335155
0.005044341476979233
0.005562250984366983
0.005655706368166388
0.009977279787916423
0.0060637405054460814
0.006029083326637712
0.005502287460760077
0.00541634638740756
0.0055305411749525645
0.00545675927578746
0.005903478506765428
0.005431806519214401
0.005578896495426307
0.005166399842564228
0.005144554505074796
0.005020742365949056
0.006295765137869499
0.0061444976204490685
0.004781949056798892
0.005106083377488955
0.006275585407461871
0.005625916271715791
0.005320692985447489
0.005922034171613372
0.005846641759942648
0.005880737850758514
0.005504345376185873
0.005845842542143405
0.0052829875447787345
0.005324092503578868
0.00613217572182683
0.005233896160454086
0.006087981208183919
0.005702737182561707
0.005665395716142874
0.006283963669307663
0.005758313308262067
0.005028314240210291
0.005351219771255273
0.005493310749173231
0.0055346468085398165
0.004888236346132544
0.005920977367599595
0.005983941394640299
0.006441729088858535
0.005528308915652035
0.006492148207575416
0.005585737650690135
0.005447622159491792
0.005424613713527963
0.00576687293564776
0.006000707946119032
0.005228354738522155
0.005607071034610271
0.006070001214476569
0.006040405877730726
0.00507755629084256
0.006007278097344429
0.005421872428955144
0.005568027754842271
0.006124352528796798
0.005485470004267492
0.005907843435353633
0.005002017719484034
0.005709229045335502
0.005916765940201003
0.005740419314284476
0.005240756497285994
0.005515823177587923
0.005493362107621838
0.005314345549746317
0.00541832117357574
0.004929008339718816
0.004664605371344805
0.005074569145259115
0.0057630481095319345
0.006084199007735671
0.004596604222408911
0.005891784063112157
0.0061747149130262965
0.0059128161035083135
0.005860659127793042
0.005347327088176306
0.004042633203903928
0.005558630391741255
0.00616970743218969
0.0059943023547280715
0.005393731843703011
0.0052564740793812756
0.005934461180316118
0.005893030319904418
0.005926121430010036
0.006366647071304864
0.00500959236829658
0.00541733370023264
0.005984831445769357
0.006518924767276206
0.006022692516479375
0.004718800340217838
0.005982306536082303
0.005888786146492099
0.005130562691213396
0.006023586251249071
0.0050369125767403084
0.004713853180125755
0.005306604558001189
0.006236163405566393
0.005081147978806776
0.006500107605513352
0.005137331719420867
0.004617342112906045
0.005702352036870642
0.0055084553434088385
0.004573809040489972
0.005076306150778172
0.005577096745598413
0.005460458581136273
0.004961920258917546
0.005453082598313423
0.005394496652380829
0.006010759056000877
0.004959053716322939
0.006334789412545173
0.005976390584471899
0.006247428579215141
0.006220462748772531
0.005915908441051475
0.005919697204746106
0.005876186417403265
0.006226081625053277
0.006220588620469373
0.005499528945323878
0.0060671628875050895
0.006199941893407543
0.004870360609098238
0.005158374496448752
0.005647620030026051
0.005673569923798953
0.005018967883557447
0.0058186887829339996
0.006880711863684285
0.005381551078358565
0.005221670207891813
0.005737096477543153
0.006073856778145585
0.004901417934958334
0.005340732391341589
0.004456514123532023
0.0057358480964986875
0.00579814606171567
0.005109126244746481
0.0058687733202740285
0.005458538236822018
0.005162414937180334
0.005983304241734524
0.006063981823910061
0.005504848110680801
0.005738963946340456
0.005569253202198265
0.006438115564482619
0.005192176223208662
0.004499643110747066
0.0062833816496277
0.004558102635845509
0.0044626346183525
0.005065624593875587
0.004337429532418225
0.0045884034282581915
0.0053286824394880175
0.006160088195756543
0.005517018448559351
0.006189923183493582
0.005507909413275099
0.004930460330901301
0.005319370030899466
0.005821109146636445
0.005760603134996408
0.005817472379962315
0.005616092381751514
0.0053040602881810625
0.005927751194935159
0.00606071575355762
0.0059501844877377155
0.0055511543987800645
0.005323518017789216
0.0058085400421883345
0.009535434698274392
0.004842742518376326
0.005687978864495693
0.004745629464055778
0.005034320538782465
0.006038219253158396
0.006070799712470034
0.005822791804488848
0.004449545559255057
0.0050662775824041875
0.005055024609734704
0.005819636441987574
0.005904777424023321
0.005666805507997716
0.005364914484858413
0.005796067339813037
0.005106668510717489
0.004800779961161814
0.004941239373937216
0.005338368117939548
0.004943043998053846
0.005373986316241956
0.0053157969750107165
0.005223330402971312
0.005361833463102812
0.005618402920593846
0.006021184946876019
0.0050684544966082155
0.004552076920112345
0.006601036835438987
0.005279708777088672
0.004473805050365627
0.005454438493533027
0.0054926965202217355
0.0052865919689481546
0.0054437216650860265
0.00540312776407518
0.004830288724375091
0.0053062662908632775
0.005044078751743655
0.004812857526443882
0.004908389686856285
0.004415616017753823
0.004881479351232494
0.0046541628985765525
0.006328846042514279
0.005639380587558013
0.005364512492420285
0.005716292222818343
0.006190245689901661
0.00514767910446348
0.0054448696819547745
0.005729487160175008
0.006397390128243257
0.005468671129814798
0.005884167981621431
0.005552460138528009
0.005139675445201906
0.00549506188443047
0.005148001732307282
0.005661950515589394
0.004768203933270862
0.005098723297071826
0.005442649068884618
0.005887007898470204
0.005858742101305064
0.004819938408711875
0.004675483430598563
0.005216212687280079
0.004969484319657828
0.005002194750122726
0.004871227220948121
0.004430206667696309
0.005295083589527556
0.005526529803303544
0.0048879769447272075
0.005886041893578034
0.005707613681422247
0.005652466547627617
0.006243132125548852
0.004887669136785137
0.006263603563072268
0.004874815046922387
0.006134047654403341
0.006106095898472372
0.004713838342652426
0.00534537661669609
0.0058436865465981615
0.006101626183746183
0.004740705887743388
0.00492855086648238
0.004775674725980414
0.004980968482871374
0.005862252022275892
0.004735564233560581
0.0052969993271355115
0.005714255100569322
0.0051312059945407135
0.005160543093037892
0.004646781084853241
0.005298023470625465
0.006142842190009625
0.005116530556312812
0.004326709681668685
0.00580252831656253
0.005331545717303275
0.005152984175734413
0.005479602290610533
0.004540432463233758
0.005228918697617441
0.004035816002521772
0.004899851542296736
0.006372296112905522
0.005744484366332959
0.00469525805095535
0.004781923900258595
0.005224240655898029
0.0053000171279979575
0.004916170728513732
0.005283290871863885
0.006064258300851049
0.005055266410012596
0.0051341281692189765
0.005000092444055813
0.005308618136592226
0.0050778470375475344
0.004362633143417562
0.004761384841939226
0.005639740988845006
0.004980637943086289
0.004762635085187088
0.0052721304648106785
0.004915316843731229
0.0047241439843700005
0.00491195889590017
0.005265287504040381
0.005933732724775577
0.003755832142331721
0.005684690570279989
0.004025557250055759
0.005214152875310641
0.00501191941756198
0.004416313151299879
0.004509218075379197
0.004838874841755439
0.0048251767281492774
0.005136390372260524
0.004952155881827431
0.005052967868874215
0.004960688905412098
0.005226386350352966
0.004594939736707601
0.005371481801495455
0.0039511617959838725
0.005952612346497647
0.006553003370624667
0.005569757201654803
0.005281422127861463
0.004933981832062792
0.005625029025904951
0.0054782920536568525
0.004460586892073195
0.004977028231360886
0.005054284132441223
0.005600207093027295
0.005153567101048923
0.004636260914854314
0.005074674160049263
0.004782423702563392
0.00470801517675032
0.004887514530518209
0.004971188771206211
0.004640705224852095
0.005344614611957305
0.005297914993550096
0.0048238076693087354
0.004261343565283044
0.004848519418405236
0.005491465509810334
0.0054948565839627655
0.004892098843925591
0.004689203074002372
0.005046511738468585
0.005651017254619676
0.004430420449144938
0.004791800558876795
0.005536223723600934
0.006495281295149522
0.0057965538690249166
0.004714209212569195
0.004909700753279529
0.005053405591383385
0.00522185150792211
0.006190253188604921
0.004883125722995568
0.004210665432796564
0.0054318270557996585
0.00496227524346198
0.004388455937301582
0.004835726871977905
0.005672093865099929
0.005810735915313541
0.005523264761733507
0.00460403619574728
0.0050270959863935
0.00509443683968649
0.005607986947070458
0.005444400616418404
0.005248385745393794
0.004413761172015386
0.0047512381147342755
0.00522838526552992
0.007123505143296955
0.005007963548996486
0.005189145326733394
0.004897127931056145
0.00500835794438899
0.005653324893935081
0.004667758249426178
0.005770920619678301
0.004998947185948574
0.0056507389368925945
0.006032856570408122
0.004402635629646413
0.005602575286341432
0.004748419255182463
0.0036624159169358402
0.004910821540044188
0.004867184266102932
0.006438975638271326
0.00471630391679355
0.005289858098159519
0.004907831074773899
0.006026413471450464
0.006120691563431007
0.004913007811220658
0.003967935210584983
0.0052833255470406066
0.005566539380670293
0.005910133790953945
0.0056079015719400814
0.005095056154199743
0.005642077631481308
0.0049548686647488335
0.005206853012714419
0.005520903336021417
0.0060977233120814035
0.005716907552653408
0.0067418904615688495
0.005522628702141707
0.005121937061298273
0.005255264078493513
0.006013910546516854
0.005735476740488334
0.0054558502341387795
0.00578340586273831
0.004375756265924013
0.004942466221857882
0.005984289818230276
0.005639271526893676
0.004319910013463024
0.00552709084862207
0.005507328461632872
0.005021346975965051
0.006097734992737449
0.00521014111250614
0.005332292389378251
0.007439191214091677
0.0053489631632900065
0.005901688518060837
0.0062517682743782645
0.005674634935385257
0.004983496333661606
0.005129923954601898
0.004662147902069721
0.005471530331664586
0.004698132897475651
0.005760690557295415
0.005550413806444599
0.0057312433863470295
0.004686524882287943
0.005594567297353836
0.004843002747573857
0.004884076944222865
0.004937850565724407
0.005586111816360894
0.005934285747955853
0.004735757852821345
0.005337922924357242
0.005270354661518786
0.005909867686792235
0.005347793287073728
0.005529160872585115
0.006269210558997916
0.0058946994725972346
0.0050495889591184095
0.005878301216528469
0.006021480099503346
0.005120215265732051
0.005434209982977986
0.005576803016685647
0.006953236414032549
0.005258841380283619
0.004865528701869022
0.005403590090261008
0.005417670674661557
0.006450457211451846
0.00551525413962476
0.006106383497255073
0.005530170432456153
0.006382241565495081
0.005386187067056198
0.005399762961216246
0.005393180512318005
0.005727093448061039
0.00540470231616512
0.00666403832152095
0.005728689198928935
0.00563360862720791
0.004824836257191366
0.0062721234258450356
0.0058713545727213
0.005475830548868024
0.004987857657355822
0.0057005495720139675
0.006485042768659436
0.005376739529916189
0.0043932344210147025
0.005934564634538089
0.006031889544964152
0.005339820436750285
0.005945225776927795
0.005394544329610653
0.004372149641078847
0.00490876933986978
0.005679060464275867
0.005969296452354424
0.005004348903049894
0.0061727748538500495
0.006115042368255672
0.004069204083929695
0.0053575696675787704
0.006130949244273195
0.005986949188934107
0.005504636505312581
0.005673280274989208
0.005937864315090857
0.005606413811588677
0.005416155226711063
0.006583903283972177
0.005593673748488592
0.004729506708845293
0.006106286256898394
0.005319087541173449
0.005683516329497382
0.004460205608624424
0.005389348171884194
0.005056827808563997
0.004933711545121956
0.006086304853215552
0.005215817133227704
0.005380714498605812
0.005638755580522619
0.004733530537882221
0.005137737315032739
0.006027760355209466
0.0036357854916309407
0.005773559994683767
0.0053705491337314015
0.005612129459142514
0.005418897567266998
0.006034941136313136
0.006252201714404301
0.01124768641342858
0.005164341599468441
0.005437946706047764
0.005732597394048103
0.0067327160445867255
0.005956331917680343
0.004757398037082956
0.004957247339916648
0.006583057873743071
0.005790823891199709
0.006655873140630969
0.005523995991143238
0.006007758819136403
0.005392826650191377
0.005837685421663212
0.006620480409110314
0.004977946861041086
0.00518595571001697
0.004953470525272548
0.0050612251585802626
0.006185718455787667
0.004019804522415922
0.0053102041349796176
0.006027176141672369
0.006031338704485409
0.005519215711621135
0.0060471876108515845
0.006397581736611236
0.005712654203494562
0.005369828662166713
0.005547964024117391
0.0037043296190755167
0.005250130728708362
0.006140195016627591
0.005678170415914272
0.006518605053062337
0.005606110935121771
0.005155541205645672
0.005667194019637723
0.005863886490382616
0.005912000256950186
0.005508421062196638
0.005930179665972121
0.00405594748090672
0.005697111855772943
0.00608451231376031
0.005509913838876466
0.005611303936155179
0.005092730429725114
0.0065022148466570276
0.006393658706479723
0.00519069068355228
0.006309942693878839
0.0058109919956742875
0.00710825491212745
0.005564833346049584
0.006258324724622071
0.005799232847130043
0.006000758275930517
0.005449681871739033
0.0059827522080377095
0.004154022246927655
0.00552114216870645
0.006429441014635293
0.006164387689267252
0.005958977922751469
0.00590399911980577
0.0054895982040969625
0.00548571298583868
0.007351429386019715
0.005671858898224725
