0.004694409845064261
0.00270226085674949
0.0023079389613121747
0.0021629575751389244
0.0019951426147183935
0.0016226350377214007
0.0015966532811684635
0.001457991330763824
0.0017321513361197762
0.0014729370548489636
0.001659304784053737
0.0013799730456334407
0.0015581806467629836
0.0015622163697636487
0.001391445032599482
0.001475630717426871
0.001366908323876227
0.0013716624287605686
0.001314958135314685
0.001311499724355859
0.0010082788992362372
0.0010775942986115947
0.001325109073285213
0.001042379268266294
0.0014483005924349917
0.0009386879333968473
0.001048062708973053
0.0012519283458407569
0.0008411668546614237
0.0006912210257168486
0.0008573211903317964
0.0011145555647921615
0.0008611087457497239
0.0008766238054106777
0.0009569748429515
0.0008493026233658644
0.0009754834060004214
0.0008561797578607054
0.0010784691645572561
0.0009501424121429279
0.0008479543730962697
0.0010842069376043842
0.0007906690411203142
0.0005934316397802572
0.0012844872717063742
0.000651354153066807
0.000923077354765545
0.0009588219234657507
0.0008093366931072003
0.0007935167990009566
0.0008437935892808517
0.0009107858560206036
0.0009122635216538453
0.0006837161737972305
0.0008998886142970669
0.0007189647876605574
0.0007299513981810638
0.0006954343110140014
0.0007058276332671604
0.0005634285688159123
0.0005754043123098589
0.0007529656456219007
0.0007436618265325835
0.0007375587429435524
0.0005793345591311144
0.0004794794432694159
0.0003570552554966915
0.0007202104436562097
0.00048141933156460126
0.0006940650088654365
0.0006825605427106244
0.0006935903701482208
0.000504964972819185
0.0004172983875780899
0.0006580422211222217
0.0004634129770212374
0.0005864248837938898
0.0006039205531227968
0.0005081628150946926
0.0005063113053100616
0.0005255097078978516
0.0004551468550302421
0.0006841851139116833
0.0005873178989973634
0.00047570722008068904
0.0005498815720576594
0.000494417748970071
0.000671115998915671
0.0005310334851258501
0.00037492594692074426
0.0003400852039080097
0.0003314309132734447
0.0004852302172990416
0.00044233155902994827
0.00042298645407364737
0.0007217965891010993
0.0003885760953978336
0.00041386925187128195
0.0006248407034737673
0.00026820381120030236
0.00043725182605807534
0.000498575744277332
0.0007002907736958669
0.00040776726143771416
0.0007631180186629446
0.0002916409281793416
0.0004891049821136611
0.0003958377590450774
0.0006139043669268826
0.0003423140657001308
0.00041720507276685176
0.00036103793064415053
0.00032710168523408356
0.00024905001695742614
0.00037264618698307976
0.00040358429779319393
0.0004011571647528659
0.0003812528276674649
0.0003559866686165541
0.0003900972988049034
0.00032574836585045627
0.0003358979350118066
0.0005905667170113052
0.00026139773061523944
0.0005836763124118858
0.00025511763651073644
0.00029442559884565916
0.0003127517168520301
0.0003482755942189085
0.0003809507991016809
0.00025426820866414346
0.0002375501063943375
0.0002820620675837355
0.00024137516202504879
0.00036911750567794247
0.00024002435570927056
0.00028824517379689497
0.0003197950140643765
0.0003293981840449435
0.0002900386293549673
0.0002884487354614456
0.0002513553706376115
0.0003888963344174304
0.00038404000189270197
0.0002278628093647837
0.00022044856934631493
0.0002755371319757874
0.00027597804593824547
0.0002549378302241426
0.00019089671437541255
0.00028987843737663104
0.00021494239411237815
0.0002294373842531578
0.00025653064799761134
0.00031448983340208437
0.0003790255951961236
0.00026978459677983276
0.00019634383356658094
0.00017112314563909033
0.00033062935197709264
0.00025890509032511287
0.0002917052209107039
0.00023698950728950357
0.00025433081266653193
0.00022815351976013127
0.00021570663395063352
0.00019403873178816866
0.00025854482188541236
0.00035497786386518525
0.00018880181700477497
0.00024265942847185735
0.000524105424244356
0.00026339481812361293
0.00024422224909877903
0.0002460327271234876
0.0002669060894264216
0.0003169773420060145
0.0002418513212088718
0.0001857788831486167
0.00024624557374668907
0.0002835719824361149
0.00028307085249772564
0.0004118665824483157
0.00032257770792057275
0.00019210837539763555
0.000197323895964863
0.00024094411252008287
0.0002647023639500341
0.00020591374938833595
0.00033698096523689206
0.00030867895087534895
0.0003495350730840333
0.00040723385762768367
0.00022642745276016285
0.00021750707854932574
0.0001666276480266658
0.00029675244326426764
0.0002619582764600636
0.00022828317545125693
0.0004190531494636421
0.00023625299651809786
0.00021756175568693185
0.00026253653306672017
0.0002232640368220018
0.0004388637154118312
0.00022088801718512382
0.0002457118292451404
0.00036482708954281405
0.0002386684372556504
0.00027742556745319493
0.00032230319222370393
0.0003369765509757729
0.00034503043697830957
0.00025645853420428464
0.0002523396909912533
0.00028659624210766716
0.00022688188113014412
0.00022456590526936842
0.0002453995107173666
0.0002713377290794077
0.0002764386074029192
0.0002107435932797281
0.00028381309571809003
0.00032888417319294863
0.00030204439585109605
0.0002615292398799543
0.00036777877312228416
0.0002454313761661199
0.00037858649192847743
0.00041802109424419803
0.0002862719709290624
0.00024946731091664076
0.00024172658019535576
0.0004786350606608331
0.0002668887404792843
0.00031093572770519783
0.00026403052447546675
0.0003151105411442196
0.00025686441647329567
0.0002695669809846939
0.00023902929108081546
0.00033678116032076234
0.00028368143516153006
0.000229870389271777
0.0002638301083269263
0.000255583421967458
0.0003090949297412798
0.0002772746214577637
0.0002723595531175046
0.00028153855051641583
0.0003549484111655537
0.00027131582027193095
0.0002495171383478529
0.0002454467810249688
0.00031032617979820186
0.00026536386593111925
0.0002626324837962914
0.00028323838949810516
0.0002787856550354003
0.000229811747376516
0.0002789453205020566
0.00032376811865365845
0.000290650977407105
0.0003339974024025391
0.00032254134117205727
0.0002978842412163171
0.00028430679228352217
0.00027179524335334043
0.00024130577666068933
0.00027483573845529466
0.00031157840089560655
0.00026654641453725553
0.00023211815547256266
0.0002771805970093867
0.0003477154768422354
0.00032332902822547894
0.000302836021253045
0.0004471758758310378
0.0002989790146654871
0.0003635310588599948
0.00027663329852137914
0.000271692856476875
0.0002309586248364732
0.00028983851186369845
0.0002687931460189118
0.0002815287414705381
0.00026198080009115596
0.00030500426172108875
0.00030573615128689976
0.0002696530437450357
0.00023282405291476086
0.0002993191252452172
0.00026342088680913936
0.00023103116590521364
0.00027242222010370043
0.00031730563657349974
0.0002485917910235003
0.00027169719277091126
0.00030207664886152736
0.000275630083690755
0.00027064731321713354
0.00024890720442012284
0.00024940550890408176
0.00025829806656734686
0.00027066355552960884
0.000255675473105969
0.0002775288514931162
0.0003062645971034986
0.0003616882932900418
0.000288807208624868
0.00034612672591590257
0.00029101976353558713
0.000292230421795443
0.0002433849554862328
0.0002697833703574101
0.0002653246201225556
0.00028729270992958585
0.0002358533645955114
0.00040469649509239906
0.00025524243760238665
0.00031385641862738926
0.00034727401158306747
0.0002734579935817497
0.0003836574353980333
0.0002606795851949885
0.0002532800162381526
0.0002688411022193447
0.0002532131906420026
0.00025621011958719463
0.0003412572118915185
0.00042965558465117023
0.00027298490114584896
0.0002527008853264436
0.00027592424622980617
0.0003069764826796018
0.000319816310969015
0.00031985267382489315
0.0002824568396889455
0.00030296972143072966
0.0002817177161705331
0.00023637364381491873
0.000330874188693997
0.0003276337863644585
0.0002789164694747472
0.0002816791132447958
0.0002753524131133288
0.0002844261441350682
0.00026866586797820804
0.00029878903023407993
0.0002721522932292178
0.00032738403330897977
0.0002673879449607089
0.00031077621997870406
0.0002534309858362706
0.00031317858692740886
0.00026002383569513247
0.00032408261532379713
0.00022011262987819334
0.000246288797352463
0.0003340720759089371
0.00026705036189274067
0.0002805072636121102
0.00030569299971310623
0.0002721477925829926
0.00026152635526419284
0.00029806316164987425
0.0002676581428204372
0.00026990653468341667
0.0003159528010967603
0.0002579936089490989
0.0003517843056449367
0.0002811180446563607
0.00028042436015571833
0.00027000301975931506
0.00040318973834343655
0.0003319214889675745
0.00026996827781009154
0.0002611495950775731
0.00027287999609792936
0.0002798717418253156
0.00030807269452842387
0.00025047411881262504
0.0002607220815791931
0.00029792130078671366
0.00039224635028014225
0.00028716981666678166
0.0002844841589103453
0.00025162760818992473
0.0002866853919216997
0.00025970581383652253
0.00023978589538663594
0.0002871027184534926
0.00030955223049334435
0.00030126052707990834
0.0002642805105798678
0.0002791268704459071
0.000274648399052759
0.0002847366148801354
0.00031962683991878295
0.0002990121767392598
0.0003423330175647672
0.00028578069489282955
0.0003346696869708207
0.0003216305057243777
0.00029216523124757387
0.0002771042866515927
0.00027398393349618085
0.0003238757314725912
0.0003790952496586085
0.0002954595721322611
0.0002930881526013504
0.00028166302290628665
0.0002725253401981068
0.000280316806373386
0.0002997088054585869
0.00029426033945908006
0.0003224528929682232
0.0002750719553815933
0.0002690353223546741
0.0002569584275417063
0.0002782116556980847
0.0002691675752118629
0.00035146509589789533
0.00035512471650560784
0.0003008545383012721
0.0002859345464198019
0.0002846871999333546
0.00047602223653354616
0.0003228330038811172
0.00041290238908134466
0.00031442172606018306
0.0002828890575437981
0.00030000616053127617
0.00030816380311859704
0.000309558093213127
0.00025507153126974505
0.00029237152656215974
0.0003418081627751235
0.00030768928137279414
0.00027900798439597045
0.0002602096471569634
0.00033066628806409425
0.00037829239296635413
0.000297670590495857
0.0002664405286382784
0.0003230920521234891
0.000296205525550509
0.00032480542435223467
0.00025143049356691853
0.00027592340796088265
0.00032660264093205374
0.0003868959824646409
0.0002821501760159403
0.00026749971187590353
0.00029730128840518383
0.0003203977041786337
0.0002972533053148904
0.0003605205417807156
0.00028445515219313426
0.0002708922672900371
0.00031041473343131136
0.00029195083907585027
0.0002871904431646856
0.0003016528860773958
0.00025434309475843165
0.0003495690536198838
0.0003080122949956733
0.0002953061379502892
0.0003177253636541926
0.00031961635007194544
0.00028431221407247773
0.0003713053316044222
0.0002801575824378233
0.00028741463369182644
0.0002902451187245398
0.0003247142066434857
0.00029981143078527695
0.0003231678234338428
0.00028690106323275746
0.00042719440636995634
0.0003151482852522999
0.0002804125877602408
0.00030396310206469933
0.00027508067200999775
0.0003081011714104014
0.0002733741332277922
0.00030369828351207875
0.00029748251707392877
0.00032088580692028957
0.00028428130079451614
0.00027993487098033903
0.0002956769689314699
0.0002686578817727942
0.00031624321731214876
0.00029666263213065186
0.0003069544853912833
0.00026423336374656564
0.00039348089853904507
0.0003208739600813715
0.000331108934925786
0.0002886883433529874
0.0003159437930558592
0.0002869998601246542
0.00031576861312065116
0.00037881646904030017
0.0002849279185258118
0.0002926861116195921
0.0003219142989265882
0.00034392301037379573
0.0003043931529204461
0.0002852418375031058
0.0003032698232735649
0.0003515735451972952
0.0002943555548076152
0.00026560722821159286
0.00031354051673718327
0.0002749748247593483
0.0002921698446672443
0.00032963818099882963
0.00030629684013027666
0.00030400653705458223
0.0004330881979980664
0.000332327297354433
0.0003098331299302767
0.0002906506088869979
0.0003310827335475811
0.0003593707509428766
0.0003526039799128609
0.00033960828390783195
0.0003437871801218405
0.00031349610181808074
0.00036849326025860916
0.0003155715890794194
0.00032010494203339995
0.00032228927556259023
0.0003146517542336369
0.00048032465858211383
0.0003048984003700233
0.00034095221225600525
0.00030725444066255085
0.0002649410058958373
0.00032585065292161226
0.00035399818647809816
0.0003332330900385776
0.0003164373606497455
0.00028325002508998817
0.0003035578162593668
0.0003701438532360563
0.00040438840869423334
0.00027411912232699773
0.00035837674373137167
0.0003047093758349157
0.00030234323837898306
0.000325192611968045
0.00032424090285141055
0.0002861423958321601
0.0003036829186229235
0.0002884581877671215
0.0003283654542766661
0.00036472641701818377
0.0002990265785449862
0.0003132130751094207
0.00030886252825959153
0.00030651928385071057
0.0002913055938552134
0.00031944542968371283
0.00030810664225490263
0.00032071075203930375
0.00030899399985043734
0.000298897533406018
0.0002920976569293998
0.0003002354544514674
0.00030813560542031026
0.0003403646215519984
0.0003286016093521279
0.00030569248107245324
0.00031603497247228264
0.00032681758453171434
0.00028971128220291577
0.00032991727977787377
0.0002826339596192286
0.00031689622728403523
0.0002874913294986722
0.0003222202708691059
0.00030142067267401474
0.00029882456893964057
0.00034140115284182163
0.00046904244130148854
0.0003326378590687844
0.00032336091488624724
0.00033138831880933137
0.0002978096631808772
0.0003148236165153711
0.0002877527567553833
0.00029230008376803846
0.00036561722693347423
0.00032769533042921597
0.00026808683601952255
0.00034968296735054795
0.00037581854253533365
0.00031070465937123765
0.00029376770622548066
0.0002920064632365081
0.00037424928602246965
0.00029224577626207193
0.0002857709269246657
0.00031228653868311087
0.0002836780612207284
0.00033295152519193443
0.0003084063785079597
0.00028430354741431073
0.0003052325214853876
0.0003201340533892757
0.0003425293849535852
0.00028480593562562717
0.00029587664540615933
0.00033456299554797755
0.00031217123183263797
0.00030484324719769315
0.00027899107574609974
0.0003078739329232251
0.00029289554675415274
0.000325935459628194
0.00030650002657369314
0.0003235747953658574
0.00028671389008065617
0.0002549096009274113
0.0003235119512204879
0.00033525189167578774
0.00032838900126599973
0.00030753873174294965
0.00031452575928727
0.00029602884064453455
0.0003090197309003478
0.0003062432814892548
0.00031184211580693956
0.00029135813225626147
0.0003835175707250268
0.0003008408796683528
0.0002775197015060777
0.00030254127463454745
0.0003327854345317454
0.0002964112522438102
0.0002551111871149
0.0003094220615639642
0.0003002371238056055
0.00031422869956129165
0.0003088602877687663
0.00030834537402110333
0.0003057460483062511
0.0002995388480771258
0.0003096263505254423
0.0003477430567727424
0.0002614242816395875
0.0003464770919890725
0.0003009719631102468
0.00033639559493687035
0.00031497757492616075
0.00032548436557200536
0.00026677878180375304
0.00029566711207475497
0.0003348663015848225
0.0003013253464918567
0.00031816685865318766
0.00029542580651780424
0.00030199670282724715
0.0003128054154824765
0.00031740094511146057
0.0002861837717864546
0.0003331590630321963
0.0003018064621262186
0.00036998218079263876
0.0002988844674317599
0.00029254312658200175
0.0002894592567206798
0.0003277111197512385
0.0004832961955513123
0.00032199091404826115
0.00031313157949106036
0.0002977669268329919
0.0003315624749406457
0.0002848085338233172
0.0003151086362257567
0.00037669769540765887
0.0003128439911701467
0.00031225050150770323
0.000334811321413976
0.00031044944551727636
0.000337549518354844
0.0002758818505909793
0.0003268964993237335
0.0003343736295957253
0.0003040905305637612
0.00033259178707729524
0.000419929025753975
0.00030927225948939197
0.00030036855635574155
0.00033503408521694055
0.0003073345015322307
0.0002938851597251154
0.0002847531179027994
0.0002968152834520359
0.0003288686227980569
0.00029520500056995456
0.0003280152763558622
0.00028995825185640047
0.0003168343213058376
0.0002764373312467277
0.0002997734990848195
0.00028850815364421577
0.0003399542081985731
0.00028669432425626186
0.0003174599558406044
0.00030652406559543774
0.00032332704771501346
0.00031182360589549976
0.00031577812089381044
0.00030230228362987486
0.00039695363599873547
0.00030910747959361675
0.000371984406309431
0.00029403214361601774
0.0003289946528924962
0.0003044139593164021
0.00036606153616698325
0.00031061697862501853
0.00033122311438741497
0.00029588890615091907
0.0003174413661223038
0.0003151707097380755
0.00032063334027563023
0.0003122428672265544
0.00027591730343244435
0.0003277300572101792
0.000300298398706218
0.0003478361148524657
0.0003110906078550865
0.0003317205431189255
0.0002736737077741834
0.00031976819158964124
0.0003433961274328924
0.0002962862566840028
0.0003039104838119653
0.000330073237169667
0.00029719254879247663
0.0002928535095998086
0.0003374450612630296
0.00028780974963280774
0.00028828683169974413
0.0002990683618762497
0.00033424641676901953
0.0002911702978183582
0.0003344634280074388
0.00032574849883011274
0.0003251847759254036
0.00029437729235464106
0.0003363803495968958
0.0004043924857199142
0.00030948740510731504
0.00033014183676901405
0.00033188356015411303
0.0003205105052100927
0.00031572322134577137
0.0002896347261412302
0.00035209143817545345
0.0003205278576310125
0.00028721763063263746
0.000339812304498212
0.0003108408733169199
0.00032512995179526376
0.0002836590667305115
0.0002959329612869104
0.00031310908028769647
0.0002967456189903065
0.0003292325943974512
0.00029492753749634306
0.00031362392710694364
0.00036621329860541405
0.00034113352571564195
0.0003219258501069687
0.00031990544238267053
0.0003369429203771038
0.0003246748790427643
0.00030371186789125205
0.00033399912161257816
0.0003053195064109916
0.00029574790398848044
0.0003430838568809642
0.0003271500443406694
0.00031330082849828097
0.0003237899932732294
0.00027608200907707213
0.00030990434953273344
0.0003392598563680492
0.000313427910270028
0.00030447955903322766
0.0003110953962407491
0.0003377070399827582
0.00030620830118485693
0.00031481659472254773
0.00028240569835491313
0.000280051953034542
0.00031526932792205894
0.0003006266590065414
0.0003480894624044595
0.0003070156870775723
0.00031616496624337743
0.000311933177737436
0.0002982427247064022
0.0003073420037669296
0.00027576049879696386
0.0002792949189590997
0.000335951027430253
0.00031973412591988954
0.00029147462050397216
0.0002843541433165748
0.0003182788510613526
0.00030601437175521696
0.0003194768755305891
0.0003050826098426894
0.0003331340630964925
0.0003026735218840518
0.00028730831648447617
0.00032758801528481337
0.0003259680997195704
0.0003117067555805469
0.0003320065455877089
0.00029053388367174195
0.000332201676324725
0.00029230617599361203
0.0003598257595798974
0.00031147178969799175
0.00029923151183798574
0.0003301540408678453
0.0003250617411010483
0.0003161449850423586
0.0003273929081530826
0.00030757311204817077
0.0002864232067622652
0.0003183389957510891
0.000301558624658875
0.0003357769635217015
0.00029451748619197004
0.00027056625391976144
0.00032376200624379894
0.00032289677332820636
0.00028539308057848496
0.0003236298334046036
0.0003205457839898632
0.0003059669814584863
0.00031910401092318354
0.0003189914048042348
0.0003414304116034015
0.0003183884507182354
0.0002827522964590961
0.00031408187951975766
0.00030429947337584705
0.0003187792985201148
0.0003546628868623104
0.0003252372928604278
0.00027177364059753016
0.00028498967758163677
0.0003426265525221035
0.00032746328557810295
0.00028090535328374245
0.00031916926138364943
0.0003938822683526918
0.0003445563076872661
0.00030299411815576605
0.00031830418689683676
0.00033632392601118356
0.0003372691801009101
0.00030612300501940936
0.00028973314024499685
0.0003234355823691918
0.0003100137249774499
0.0003006344947139691
0.00028007792302690046
0.00031260717678638426
0.0003413527498716056
0.00029277534003735385
0.0002921335022568071
0.0003314367376723177
0.00029266704922130366
0.00028363784145767567
0.0003086790512315929
0.00031022578126014975
0.0003429996693012072
0.0003135696532678724
0.00030090417108502674
0.00031225850200696317
0.00030280567333517994
0.0003180240112279924
0.0003102868626048608
0.00029128973275614306
0.0003526150078765308
0.00033329967961305687
0.00028683251605668506
0.0002943414990555279
0.00029207123817676415
0.00030954775026787373
0.00030211075057845195
0.0003344045193495861
0.0003064022129400915
0.0002986602695870845
0.00029110690608961573
0.0002927184361111098
0.0003149194726990702
0.00030477787506242747
0.000314258977809264
0.00031763588747350823
0.00032305187889765613
0.000320466334025176
0.00027785415213397107
0.00033593404857778554
0.0003233008634041263
0.0003213962708209043
0.00030332051486766433
0.00032663723441926
0.00036125610151170156
0.0003127226634537042
0.0003594527970536936
0.0003301716066770106
0.0003823599735291542
0.0002908859324348409
0.00030140864771445713
0.0002998478295874715
0.0002778630477353415
0.0003353715751083135
0.000302627287435046
0.0002978119076994647
0.00031192771391423387
0.00031879189482424407
0.0002998798691883816
0.0003203637220290797
0.00029205233093567324
0.0002979671015678572
0.00032465597232138473
0.00027551472979601906
0.00033080783456950613
0.00030710815121502884
0.0003093551860417522
0.0002881987616793984
0.0003771904677965462
0.0003290718927850581
0.000320935941391716
0.0002816740152359541
0.0003234237788436595
0.00030120390335598913
0.00031789315168550403
0.00034265049994149067
0.00034683373915998214
0.00029585958671564833
0.000315420307399888
0.0002696337663811781
0.0003090091443040624
0.0003244272810564196
0.0003139334576969434
0.0003172636249707596
0.000350943479471815
0.00035035830256414816
0.00031390776290209034
0.00030543392997661354
0.00028423317183166673
0.0003074479118582271
0.00028741426349630013
0.0003290927667607743
0.0002985381346349771
0.0003070817730492438
0.00031921308047978006
0.0003163520889704939
0.00032211340958643374
0.00031906229330031367
0.00029580488499050264
0.00031402475115620683
0.0002973723186317199
0.000291614189658763
0.0002902979197616722
0.0004632504782369194
0.00030600090778794503
0.0002877948827621627
0.00028909703129881693
0.0003109005509863242
0.00028191031524357865
0.0003261366286642442
0.00031146572293697057
0.0002877316859927045
0.00030583681672266853
0.00033356303202578734
0.0002907796994788774
0.00030966657906122106
0.00031869073890577836
0.0002744717397009871
0.0003308589841721446
0.0004245018315850757
0.00027363601630363683
0.0003223760994348725
0.0003170985825168568
0.0003239785869767989
0.00028801237630692153
0.0003428619016163533
0.0002967644013187964
0.0003010904113866023
0.00034136672683026905
0.00028495284179890797
0.00029944638490698186
0.00029712325835134834
0.0003284989626211297
0.0003250976831934947
0.0003063952606005062
0.00028815728724111976
0.00034551882073823693
0.00031410007636752975
0.0003086260198948107
0.00030920634913075314
0.00028469884898056207
0.0002820503014247931
0.00029546481131027184
0.0002859028489183402
0.00034409144763360795
0.00029767743609097257
0.00035045433769222915
0.00033172234564647494
0.0003265833733517555
0.0003079449878599735
0.00029753910147909275
0.0003412606092180275
0.0002858954655312118
0.0003104551429714775
0.0003705524875294941
0.0002992296497489276
0.00034749186144633116
0.0003339788281696851
0.00033616320728469874
0.00032047992021294445
0.00030503206914415514
0.0003127344601879096
0.0003160569504650214
0.00029440498076188046
0.000314427034536493
0.0003154119295998368
0.0003112834529019892
0.00033313324583234916
0.00033734401992010783
0.0003169776745146789
0.0003063247222754788
0.0003123931721399588
0.0003435199826260568
0.0003273964917752892
0.0002867586274286233
0.0003073585418886588
0.0002954174952265021
0.00031182044730875143
0.000332583589468933
0.00029564405035801297
0.0003682533716710168
0.00032321525127502223
0.00034455723458709796
0.0002968499638713443
0.0003040286259056302
0.00032287407642538063
0.00030875490857787164
0.00030687268227796137
0.0002999793201992621
0.00029479646417582576
0.0002916545467451215
0.00031072634082063034
0.00033512152221062155
0.00030993170477683764
0.00029705961793037464
0.00032902189470145716
0.00033742571728907935
0.00030785068829053283
0.0003118193492680023
0.00030503651447361335
0.0003320154895430148
0.000309483342108641
0.0003401912966884473
0.0003032297568851001
0.00033035099456485894
0.0002767416828750616
0.0003484328232921793
0.00030327178370758443
0.00033500651990899704
0.00031694767594932016
0.00030710687644126925
0.0004835019543367837
0.00033196376814365584
0.00030523697896569504
0.0003321142188880393
0.00028750843100559516
0.0002646264233440273
0.00030678997612994865
0.0003163678463637812
0.00033075629757149726
0.0002983128045239677
0.00033077211042317295
0.00032386197386326135
0.0003104473518812613
0.00032193582864627906
0.00038560134102746295
0.0003322827740573432
0.0003375496132295146
0.0003218928401007101
0.00029545466507053267
0.00034172420951238434
0.000332968950029421
0.0003009613287213142
0.0002909492962810743
0.00029664651054710185
0.0003372557127295295
0.00029938915078154036
0.0002666439591666858
0.0002971552593356007
0.0003457504172807343
0.00031266350225320953
0.0002960083833919011
0.0003003435061327764
0.0003870917195568576
0.00029575503122292244
0.0003207403258823303
0.0004034902314223083
0.0003167659935375663
0.00033411673267307507
0.0003071432969305273
0.0003223135271088852
0.00029423312623943533
0.0003471257780100651
0.0003157600450296221
0.00031028746333634316
0.0003161184152850183
0.0002981305928239765
0.00033716801683372717
0.00030785056990290674
0.0002897095719059247
0.0002985305992894739
0.00032316321198387805
0.000337294207368229
0.00032248579811234126
0.0003477035893385099
0.00033055805739422794
0.00039059436029804473
0.00031015173944329684
0.00029388736535630803
0.00037158035660208303
0.0002987046122767164
0.0003015130122210914
0.0003288779380688668
0.00029600997101494745
0.0002955863054246168
0.0003102474031662236
0.0003270379010219975
0.00029963425114276886
0.00029379165033528156
0.00033388928496216457
0.0003385311717387854
0.0003084984460760357
0.0003127481617671687
0.00031650173355176643
0.0003168890937870726
0.00033568772482145246
0.000310347191396951
0.0002965576212331403
0.0003062114003114402
0.0004050819722241223
0.000295861305442356
0.00031019123101681806
0.0002879425964783877
0.00033555265993657357
0.0003651990164975619
0.00032232728307592746
0.0003281150070688454
0.00026269966782690193
0.00031963006049539087
0.00032578791720879965
0.0002986353071173653
0.0003196216723713771
0.00037079741868053265
0.00032205546736284826
0.0003110372182189687
0.00031498973202750285
0.00029119342876843544
0.00029142248475108904
0.0003166655403999487
0.0003279934105804776
0.0003275685676674454
0.00028361795293416697
0.0003283658330474282
0.0002925606123140564
0.0002799354868537713
0.0003230729715037991
0.0003246220375617018
0.0002837110408888423
0.00031173696577232996
0.00030837680689988444
0.0003216507359372502
0.0003049232590508057
0.00031351934772309116
0.0003114333263095302
0.00036416174314321585
0.0003011426814555307
0.0003147694466835154
0.00030702868825756014
0.00030078945447582685
0.0003190980236026267
0.00034044098931709804
0.00032496004153342384
0.0002978400682331994
0.0003896871222137374
0.0003095599049510968
0.0003262008881678672
0.000278175846682903
0.00030961357133751986
0.0003395634014201018
0.0003030675994419393
0.0003109008104001987
0.0003071082265497742
0.00031245261845989653
0.00029455290525740046
0.0002953616687071709
0.00032160772905886657
0.0003247461820501485
0.0002897651691559336
0.0003782453266714063
0.0003198545372496093
0.00031122424689393875
0.0003392658625333362
0.00032829729782731323
0.0003166833710071972
0.0002903484511106009
0.000320044809094335
0.00028633936038399303
0.0003199015332315217
0.00032051265466544166
0.00030674854000348466
0.0003168140038958102
0.00032071533015238986
0.00030933933783931674
0.0002892789162225589
0.0003046851572746943
0.00034201195619451547
0.00030627151483453676
0.00031468892870179844
0.00032358198063905415
0.0002824176373699824
0.00032453110302412826
0.0003145083806209316
0.00035163063771116346
0.0003302664991783136
0.00035203606651975863
0.0003137750835854344
0.00030648014163879063
0.0002524841196308054
0.0002931377104622308
0.0003014896463355399
0.00031594544518936474
0.0002979297369529377
0.0003299397008439493
0.00032200312014408285
0.0002918743244039693
0.00030850580175475833
0.0002869371198981493
0.0003178400504631489
0.00028648998691551244
0.00032821302252809153
0.0003135721995905832
0.0002984201757239394
0.0002981736902308642
0.0003303356004471425
0.00031470696152350035
0.0003300593014968659
0.0003377449166146107
0.00031756521464038604
0.00029403091021647145
0.0002954216157377232
0.00030849099229921455
0.0003190763475972095
0.0003229471745726187
0.0003105513271397545
0.00030985888818447295
0.0003386476592277177
0.0002878847108669496
0.00032410111005966817
0.00033338044326748265
0.00026804127582831175
0.00029745864836253793
0.0002902892433355321
0.0002998779803770698
0.00030054952530398233
0.00031839525814835465
0.0003185583369486267
0.00034703484353875477
0.0002946029302873805
0.00029866348786786797
0.00030576889343397593
0.0003392427449580282
0.00030722307667084743
0.00032273126104233335
0.0003248369324345341
0.00031766695528079124
0.00028956818645383466
0.00031541746224840087
0.000308027123948185
0.0002880157872901431
0.00029381398552296947
0.0003187912457646494
0.00032052505426171204
0.000298927810654277
0.00028966833071275946
0.0003364173738295254
0.00031915719308017287
0.0003274819557722302
0.0003077032251297039
0.0003312480592804994
0.00032533274517066146
0.00032919509413269617
0.00028499714846735256
0.00030838524996527536
0.0003170596516793012
0.0003155202752701111
0.0003032989262335052
0.0003014142818886155
0.000293002670867801
0.00028715709132354407
0.0002936020839115372
0.00029862028241495864
0.0003024104182051295
0.0002903202197688058
0.0002926389493508655
0.00032689024706217295
0.000337464752145544
0.00030666970750774323
0.000294096758381264
0.00031665981540884657
0.00029943409595684247
0.00030596003797005064
0.0002917072690595386
0.0002874823561744831
0.00029320547389423673
0.0002909957355274985
0.0003194033090949233
0.00030382742620661574
0.0003051279873449987
0.0003067081879999023
0.0003089701408732383
0.0002867336930077207
0.00031823287920815344
0.0003425743893694744
0.00031558288325478703
0.00029301453575109396
0.00033410464253912715
0.00029499670595052
0.00034381431986016
0.00027160489782935264
0.00030537043539620104
0.0003275598239737779
0.0002897788087388367
0.0003041074399776075
0.0003101656772196293
0.0003442460911433695
0.00030934260352547124
0.0003316100914552018
0.00031405767383278413
0.00033557733428356837
0.0002919123535450906
0.0003183612591705501
0.0002957726184208046
0.0003511931961527028
0.00030028113962284156
0.0002875609902704517
0.0003185140661668535
0.0003589038604955671
0.00033263460320345724
0.0003293775800947125
0.00034068325392581754
0.0003213794822555168
0.00029900831024860965
0.0003050240047611753
0.0002915976070185674
0.00032588691190799834
0.0003292243310196292
0.000297233260176394
0.0003318968802757029
0.00029146291962596087
0.00038922516398693166
0.00032743805001830747
0.0003181067840939379
0.0003096303511379769
0.00028871527344953004
0.0003024182234847623
0.0003165451645743035
0.00032727207694603877
0.000327163563389539
0.00029372698803756844
0.00030531211060796134
0.0003323708565364671
0.0002936606172365178
0.0003150795356954664
0.0003264255415992271
0.00032668152980997025
0.00030731829220842754
0.0003122825361788273
0.00030834057485831426
0.0003172579885098717
0.0003190956792812878
0.00029218105766631197
0.0003341912428887943
0.0002831126082258249
0.00032072927233717306
0.0003118128094021293
0.0003264422141026963
0.00029669944128564956
0.0003367958140526233
0.0002964455014755783
0.00032141641438491726
0.00032235287924517513
0.0002781113610087362
0.00031968166096443644
0.00031960646141409856
0.0002803174185932481
0.0002994386954248642
0.0003038388611665661
0.00029445845454055026
0.0002752911908932479
0.0003210056338918678
0.0003182589138097163
0.0003149508828820607
0.0003052018202392251
0.0003115311948931776
0.0003337289774780012
0.0003252123571967656
0.0003242578033106318
0.0003190091017625361
0.00031735626229399677
0.00038223202581970584
0.0003530742005815617
0.0003417173529305728
0.00030727825211475385
0.00031478188064024186
0.00033293835239809206
0.0003340302056676592
0.00028490661620090966
0.0003196274657498829
0.00032118081777298356
0.000400049372671804
0.0003236323461221348
0.00031972299355922067
0.0003342553627434037
0.0003101514033395298
0.00030880949198165453
0.0003129826579814627
0.0003062041950735355
0.0003221903241917192
0.0003059815062053011
0.00031253414652772854
0.00032434255627647094
0.0003290857077029484
0.0003003120721405139
0.0003200801455386681
0.00032463788886421494
0.00031466794290801255
0.00031244885622852184
0.0003606544270353749
0.00029654179319810024
0.00029976307895984586
0.00029446238252343654
0.0003241257367595348
0.00033613135546537316
0.0003577127579228545
0.0003226984172787135
0.00040192342553252403
0.0003410246005413293
0.0002888645839233764
0.0003045709231602294
0.0003319629094451328
0.00031645287812872474
0.0003440049492408954
0.0002911030995729951
0.00031174535119394674
0.000294526249885426
0.0003335849981314303
0.00030160807595945826
0.00030473705394147793
0.0003067616674785053
0.0003310840449038161
0.00033095181473722084
0.00028789704546267915
0.0002931556601106422
0.000292471171609837
0.0003460892220511726
0.0003050026417310749
0.0003029814059787636
0.00029416902980431456
0.0002958048365560119
0.0002921750384484767
0.0002949405862909771
0.00030191386128405743
0.00028939663119672334
0.0002953863970209828
0.00033585717672297377
0.0003287993063453801
0.0003330952085187684
0.0003468302702302546
0.00030731367206369346
0.00032895286660017777
0.000296876789874919
0.00029264910732763384
0.0002957910179663616
0.0004172784063121071
0.00033310806335196374
0.00030615575163600237
0.00031630944263302547
0.00032310591851325755
0.00032290213555825176
0.00029088515854839767
0.00032612073128283165
0.00031988852526930196
0.000294495614470439
0.0004282620444272262
0.0003285651243485128
0.0003068523211758085
0.00033641289370799706
0.00028093456000663405
0.00031085758137903345
0.0003064063404443524
0.00027428119956247036
0.00029952815401527137
0.00029426562409103746
0.00033995453411729873
0.0003544304511680301
0.00029763429921981046
0.000328248139113774
0.0002998263788945873
0.000308596652061429
0.00030598509090071143
0.00029078099926274653
0.00030990110875336543
0.0003025684263918395
0.00028675744734560533
0.0003516910400971288
0.0003121824605737597
0.0003124158851226509
0.000274789083700203
0.0003237447153540935
0.00031365937457199575
0.00032415700492232903
0.00033141298461747024
0.00027986414011788187
0.000303375488583697
0.00030630234283080427
0.00029599099028148755
0.00034173765212066037
0.0003312330170956557
0.00031576716483479165
0.00029735006010014333
0.0003094538551496433
0.0002974519130343976
0.00028517268748276233
0.000319259558351145
0.00034648144609881066
0.00029696063344350216
0.00031706128644145795
0.0003030375134143729
0.0003072753296354287
0.0003166730216539041
0.00039198545129953086
0.0003032126375027084
0.000354239901080291
0.00032543234124074975
0.00032202558378880244
0.00031230791104982407
0.00028107769395968975
0.0003310767314152534
0.0003197486343833589
0.00029351337113829297
0.000296743274853465
0.00030092723750125774
0.00031252197914000135
0.0003812313646579111
0.00032533076674659306
0.0002766564434932661
0.00030980170562543206
0.00029677934285635794
0.0002912991739607865
0.00032307499381464106
0.0003519501480591966
0.0002973125735765539
0.0002986241850521765
0.0002938277105775861
0.0003219434556766438
0.00034831711565565064
0.00032917165462484783
0.0002890550018595864
0.0003396866383575668
0.0003076463577339642
0.0002976150816643245
0.000304293796330707
0.00032719345019359023
0.00031545448549877617
0.0003654196746200406
0.0002941419643996466
0.00030070115181193353
0.0003151792153533149
0.00032654505026065244
0.0003058228559231273
0.00030081802603100575
0.000324431660224036
0.00030232424898940735
0.0003554598903844765
0.0002944976146578223
0.00034336386137770854
0.0003217778721487515
0.0003122507059729937
0.00029405579030156203
0.0003166632015459722
0.0002918887814718931
0.0003477874361616224
0.00030466545545225796
0.0003123444865507606
0.0003237609994097771
0.0003156134140746352
0.0003128727063787145
0.000308696949359728
0.00028314389549320495
0.0002970113578859517
0.00030392581512257624
0.00030956967611148553
0.0003010851875868476
0.0003072653343822042
0.0003260800936602339
0.00030296041134111613
0.0003250985478587205
0.00027853041320798056
0.00033266986197434434
0.0003115802623246314
0.00030850392417050896
0.0002945026378958054
0.0002864692870259335
0.00031314621031924616
0.00031099342963508594
0.0002994578225661826
0.00028453499708120945
0.0003167590840010754
0.0003171268724275121
0.00031086698347280615
0.00031194028833332203
0.0003846030073535595
0.00030638204803835835
0.0003179135050153751
0.0003026375421216341
0.00032179262708918293
0.0002916665794691653
0.00029172711748417764
0.00028425158962038817
0.0003267950538897172
0.00030606275196207985
0.00031888559401474075
0.00032256849540967126
0.00030321948263787945
0.00031913527987593884
0.0003185810705898413
0.0002994025296045168
0.00037330375117432724
0.00029623982408338634
0.000307759451892967
0.0002844620764413516
0.00032547412768118585
0.0003203474041869673
0.0003195779698892563
0.0003065304323102927
0.00031045448617078364
0.00030148309335345405
0.0003161676371535447
0.000361240146599552
0.00027710710331250863
0.00032121448198657685
0.00033885743457566216
0.00032950987254805244
0.00030855775103191265
0.0003039156899467343
0.0003297832999487582
0.00031863382963430404
0.0002820335091122875
0.00031387378527662286
0.00031278978900705365
0.0003044008683358308
0.0003151077462254242
0.0003206846385052943
0.0003450167286583954
0.0003016614220073929
0.0002877036590975227
0.0003126822700882518
0.00031125154757319254
0.0003078727601567672
0.00030932395872436505
0.00030904557311129923
0.0003139388299808031
0.00035380184123953636
0.0003056244575184662
0.00031147956164204513
0.0003188612697681492
0.0003229528584415675
0.0002840725324572954
0.00032249008374492407
0.00031949152363917427
0.0003444001374373329
0.00030062917171432804
0.00026938553676050754
0.0003183402756673916
0.0003253191681226651
0.00034481277002279445
0.0003462229357605143
0.0003321400752039543
0.0002969710189011364
0.00031892918476452385
0.0002915240132798707
0.0003166285991963897
0.0003112068065040928
0.000312667067035883
0.00040263147013839835
0.00031090632119490434
0.0003049872873452841
0.0002997008225975151
0.0003069072650760063
0.00027781672038794825
0.00032336906523154494
0.00029927347644193757
0.0003046671388074174
0.00031964772837714657
0.0003204470443857385
0.00029986246260640264
0.0003091822991752581
0.0003140646362537934
0.00032440804226748047
0.0004374080223247542
0.0003851469106224873
0.0003167542493481181
0.00030516103929195584
0.0003289457035822352
0.0003512383153260349
0.0002954869325627182
0.0003450207485989917
0.0003073738457221355
0.00029821708595721116
0.0003036779390406861
0.0003176922009307808
0.0003276192395268091
0.00034148939051842066
0.0003166973778154768
0.0003236303528787435
0.0003035124302082945
0.00028724627274121824
0.0003385121273225065
0.00031637573109557186
0.0003333275485627902
0.0003163427276922448
0.00031201657353319335
0.00031532327253184383
0.00038170636624272446
0.00032473103891659
0.0003363261491748355
0.0003290554338647261
0.00035568952080731314
0.00030468774897989145
0.0003189066322296899
0.0003809464883150732
0.0002988550378410894
0.00029496209985154566
0.00030737727336794965
0.0003178771652164869
0.0002984571888737264
0.0003866385303782798
0.00032238304966865274
0.0003094357438762277
0.000290685808800585
0.0003587246526772755
0.00031199926228769724
0.00030016053471107235
0.000303492542596879
0.0003201521753934295
0.0003163629862150888
0.000377470369047452
0.00035729756575165084
0.0003103485037354403
0.00032794845439639177
0.00031666807488363704
0.0003165366846587858
0.0003159898413235039
0.00030580593656330687
0.00030913580482449886
0.00029714471165789293
0.0003167817311597381
0.0003278726799440587
0.0003033833387767767
0.00032921569180741376
0.0003120852543361252
0.00029558612283998235
0.00029218921902741257
0.0003115181219306708
0.00030578703717375384
0.0003261088075773192
0.0003221785397129549
0.0003346778541474902
0.0003235629042488394
0.00031381852051708847
0.00029800169753538546
0.0003160569537119175
0.00034624906207942073
0.0003062166698639755
0.0003758787995736514
0.0003015812599317412
0.00039076152686383077
0.0003301310934959119
0.0002785225719266496
0.0003063919566277816
0.0002852874156139608
0.000329047294362681
0.00032616923598003007
0.0003182941535643684
0.00030093414993254033
0.000305030811884665
0.0003108555727469918
0.000323707544510918
0.000313493304441051
0.00031203821952658473
0.00031568588388706435
0.0003187806324681982
0.00033080953346793
0.0003004478386927596
0.00032343496110115666
0.00030345807851127967
0.0003041309812812999
0.00030015940718710357
0.0003055923836758926
0.0003519023844390696
0.0003109318907016651
0.0002921595344508075
0.0003073167624903103
0.0003833968095880534
0.00030248813505230436
0.00030646632484084485
0.00030195794842126947
0.00030602314193466947
0.00033577358063277123
0.00030301805988918726
0.00026950842496652124
0.00030794324075291763
0.00033144213719193006
0.0003145675071677293
0.000327521829448025
0.00029705092225412955
0.0003072502953260222
0.00045436899691204805
0.000373742317221643
0.0003244986291351129
0.0003070717967005164
0.0003337738862666941
0.0003290483116454977
0.00031468962613611696
0.0003507011484245075
0.0003138612327152909
0.0003120989426835357
0.00032127860997596664
0.0002878394949142863
0.0003069892034285918
0.0003032571941678595
0.00031296230221674443
0.00030786154270702227
0.0003347426868068786
0.00032811461256122647
0.0003146073203346792
0.0003011685783297123
0.00033791646018341585
0.00032201261878851386
0.0003287662596786894
0.0003217449049147295
0.00033682653629771916
0.00027259474464309667
0.00032630972277859527
0.00031165674394807345
0.00030245194084792666
0.0003633703917200494
0.00034734058435528174
0.00031144511100657317
0.00032827284380930775
0.00031068634116049256
0.0003011557620162161
0.0003409801697541427
0.0003364743937137454
0.0003157047844108872
0.00031702335110302165
0.0003306766907137769
0.00029960890181314427
0.0004087334264451264
0.00027960702168586845
0.00030689048112045775
0.00029882974204416057
0.0003173149626237708
0.00031312854422139936
0.0002882306507308385
0.0003189583836007971
0.00033121335518184684
0.00030775996512602435
0.00034409382916497373
0.00031809387894879496
0.0003111119810500895
0.0003066094783857157
0.000312575048628787
0.000331467505996313
0.0003705376094200931
0.0003035285101291915
0.00031615773676354103
0.00031776617173168885
0.0003117889562833755
0.0003187781926849961
0.0003109311872425938
0.0003564996041105977
0.0003156116033564363
0.00030018676000638934
0.00027661384206762054
0.00032035988243348716
0.00032256729813005743
0.0003153804563329946
0.0002912505465948405
0.00029941536039875053
0.0003332109471323617
0.00032627035596565943
0.0003273518744923162
0.0003198118925947061
0.00031846123256140603
0.00034290651904094767
0.0003011690332823491
0.0002792534867694485
0.0002619838154376859
0.00029944890219797216
0.00038112880887638314
0.0002963354047850381
0.000339125004419267
0.00033177946246723875
0.0002980785923656575
0.0003100539548203025
0.00030031262984786213
0.00031247058439216093
0.0003071052773780788
0.0003057093540493432
0.0003237630858244042
0.0003334369482555693
0.00029276279738301776
0.0003062169231374615
0.00030692871049333397
0.00030513753006484225
0.0003370430989005919
0.0003225123898716577
0.00032434141387511773
0.00030437749859889404
0.00029518368583792055
0.00031025591251818694
0.000327125005070619
0.00031048750219570464
0.0003172732580742377
0.0003109115074104401
0.00031816994422115383
0.000302487164282346
0.00031465867077713484
0.00035150193757934695
0.0003125066843961528
0.0002805867429015052
0.0003182551947922718
0.0003157288379225065
0.00033196849101971434
0.0003011508731651702
0.00032358992163218707
0.00031521264471198913
0.0003088093789899306
0.00030801196198548754
0.0003161140037354926
0.00036239226363899693
0.00027844836697892917
0.00030881925927263054
0.00030901498047959257
0.00031220644706731295
0.0003111668187869197
0.0003150035672401178
0.0003288708933905582
0.0003054202408332328
0.00030443917881971825
0.00031733291990739026
0.00030465960273951556
0.0003154308491658802
0.0003406682824165078
0.00033695684147200413
0.000297171963164666
0.00027301628654056136
0.0003267169768111801
0.00031125064893525894
0.0003386600777529176
0.0002854231895097265
0.0002789504769108524
0.00029636742859086746
0.0003099969866109729
